# Acquired on 30/01/2024 10:39:17 
# SPIDER: Creep_-10mm_HM077x145x38AB-1
# CREEP MEASUREMENT

# time [ms]		force [N]		stiffness [N/mm]
2.000			31.317			-3.132
104.000			31.533			-3.153
203.000			31.496			-3.150
305.000			31.387			-3.139
404.000			31.298			-3.130
504.000			31.227			-3.123
605.000			31.166			-3.117
704.000			31.062			-3.106
804.000			31.019			-3.102
904.000			30.980			-3.098
1004.000			30.945			-3.094
1104.000			30.912			-3.091
1205.000			30.881			-3.088
1304.000			30.851			-3.085
1403.000			30.798			-3.080
1505.000			30.772			-3.077
1604.000			30.748			-3.075
1704.000			30.725			-3.073
1805.000			30.704			-3.070
1904.000			30.684			-3.068
2004.000			30.663			-3.066
2104.000			30.625			-3.062
2204.000			30.607			-3.061
2304.000			30.590			-3.059
2404.000			30.573			-3.057
2504.000			30.557			-3.056
2603.000			30.542			-3.054
2704.000			30.527			-3.053
2804.000			30.512			-3.051
2905.000			30.483			-3.048
3004.000			30.469			-3.047
3104.000			30.456			-3.046
3205.000			30.444			-3.044
3303.000			30.432			-3.043
3404.000			30.419			-3.042
3505.000			30.407			-3.041
3604.000			30.385			-3.039
3704.000			30.374			-3.037
3804.000			30.363			-3.036
3904.000			30.353			-3.035
4004.000			30.341			-3.034
4105.000			30.329			-3.033
4204.000			30.318			-3.032
4304.000			30.298			-3.030
4405.000			30.289			-3.029
4503.000			30.280			-3.028
4604.000			30.270			-3.027
4705.000			30.261			-3.026
4804.000			30.252			-3.025
4904.000			30.243			-3.024
5004.000			30.235			-3.024
5104.000			30.218			-3.022
5204.000			30.210			-3.021
5305.000			30.202			-3.020
5404.000			30.193			-3.019
5504.000			30.185			-3.019
5605.000			30.178			-3.018
5704.000			30.170			-3.017
5805.000			30.155			-3.016
5904.000			30.148			-3.015
6004.000			30.141			-3.014
6105.000			30.133			-3.013
6203.000			30.126			-3.013
6304.000			30.120			-3.012
6405.000			30.113			-3.011
6504.000			30.099			-3.010
6604.000			30.091			-3.009
6705.000			30.084			-3.008
6804.000			30.078			-3.008
6903.000			30.070			-3.007
7005.000			30.063			-3.006
7104.000			30.058			-3.006
7204.000			30.046			-3.005
7305.000			30.039			-3.004
7403.000			30.034			-3.003
7504.000			30.028			-3.003
7605.000			30.022			-3.002
7704.000			30.016			-3.002
7804.000			30.010			-3.001
7905.000			30.004			-3.000
8004.000			29.993			-2.999
8103.000			29.987			-2.999
8205.000			29.981			-2.998
8304.000			29.976			-2.998
8404.000			29.971			-2.997
8505.000			29.966			-2.997
8603.000			29.960			-2.996
8704.000			29.949			-2.995
8805.000			29.944			-2.994
8904.000			29.940			-2.994
9005.000			29.934			-2.993
9104.000			29.930			-2.993
9204.000			29.924			-2.992
9304.000			29.919			-2.992
9404.000			29.908			-2.991
9504.000			29.903			-2.990
9605.000			29.899			-2.990
9704.000			29.895			-2.989
9804.000			29.891			-2.989
9905.000			29.885			-2.988
10003.000			29.880			-2.988
10104.000			29.872			-2.987
10205.000			29.868			-2.987
10304.000			29.864			-2.986
10404.000			29.858			-2.986
10505.000			29.853			-2.985
10604.000			29.851			-2.985
10703.000			29.846			-2.985
10805.000			29.840			-2.984
10904.000			29.832			-2.983
11004.000			29.828			-2.983
11105.000			29.824			-2.982
11204.000			29.820			-2.982
11304.000			29.816			-2.982
11404.000			29.812			-2.981
11504.000			29.808			-2.981
11604.000			29.800			-2.980
11705.000			29.796			-2.980
11804.000			29.792			-2.979
11904.000			29.788			-2.979
12005.000			29.784			-2.978
12104.000			29.780			-2.978
12205.000			29.776			-2.978
12303.000			29.769			-2.977
12404.000			29.765			-2.977
12505.000			29.760			-2.976
12604.000			29.756			-2.976
12704.000			29.754			-2.975
12805.000			29.751			-2.975
12904.000			29.747			-2.975
13003.000			29.743			-2.974
13105.000			29.735			-2.974
13204.000			29.733			-2.973
13304.000			29.728			-2.973
13405.000			29.724			-2.972
13504.000			29.721			-2.972
13604.000			29.717			-2.972
13704.000			29.714			-2.971
13804.000			29.707			-2.971
13904.000			29.704			-2.970
14005.000			29.701			-2.970
14104.000			29.698			-2.970
14204.000			29.695			-2.969
14305.000			29.691			-2.969
14403.000			29.688			-2.969
14504.000			29.680			-2.968
14605.000			29.677			-2.968
14704.000			29.674			-2.967
14804.000			29.671			-2.967
14905.000			29.668			-2.967
15004.000			29.665			-2.966
15103.000			29.661			-2.966
15205.000			29.655			-2.965
15304.000			29.652			-2.965
15405.000			29.649			-2.965
15504.000			29.646			-2.965
15604.000			29.643			-2.964
15705.000			29.639			-2.964
15803.000			29.637			-2.964
15904.000			29.634			-2.963
16005.000			29.627			-2.963
16104.000			29.624			-2.962
16204.000			29.620			-2.962
16305.000			29.618			-2.962
16404.000			29.616			-2.962
16503.000			29.613			-2.961
16605.000			29.610			-2.961
16704.000			29.605			-2.960
16804.000			29.601			-2.960
16905.000			29.599			-2.960
17004.000			29.596			-2.960
17104.000			29.593			-2.959
17204.000			29.590			-2.959
17304.000			29.587			-2.959
17404.000			29.582			-2.958
17505.000			29.579			-2.958
17604.000			29.576			-2.958
17704.000			29.573			-2.957
17805.000			29.570			-2.957
17903.000			29.567			-2.957
18004.000			29.565			-2.956
18105.000			29.559			-2.956
18204.000			29.557			-2.956
18304.000			29.553			-2.955
18404.000			29.550			-2.955
18504.000			29.548			-2.955
18603.000			29.546			-2.955
18704.000			29.544			-2.954
18804.000			29.541			-2.954
18905.000			29.536			-2.954
19004.000			29.533			-2.953
19104.000			29.530			-2.953
19205.000			29.528			-2.953
19303.000			29.525			-2.953
19404.000			29.522			-2.952
19505.000			29.520			-2.952
19604.000			29.515			-2.951
19704.000			29.512			-2.951
19805.000			29.510			-2.951
19904.000			29.508			-2.951
20003.000			29.506			-2.951
20105.000			29.504			-2.950
20204.000			29.501			-2.950
20304.000			29.496			-2.950
20405.000			29.495			-2.949
20504.000			29.491			-2.949
20604.000			29.489			-2.949
20704.000			29.487			-2.949
20804.000			29.484			-2.948
20904.000			29.481			-2.948
21005.000			29.478			-2.948
21104.000			29.474			-2.947
21204.000			29.472			-2.947
21305.000			29.470			-2.947
21403.000			29.468			-2.947
21504.000			29.466			-2.947
21605.000			29.463			-2.946
21704.000			29.461			-2.946
21805.000			29.457			-2.946
21904.000			29.454			-2.945
22004.000			29.452			-2.945
22104.000			29.450			-2.945
22204.000			29.448			-2.945
22304.000			29.446			-2.945
22405.000			29.443			-2.944
22504.000			29.437			-2.944
22604.000			29.436			-2.944
22705.000			29.434			-2.943
22803.000			29.432			-2.943
22904.000			29.430			-2.943
23005.000			29.427			-2.943
23104.000			29.425			-2.942
23204.000			29.421			-2.942
23304.000			29.419			-2.942
23404.000			29.418			-2.942
23503.000			29.414			-2.941
23605.000			29.411			-2.941
23704.000			29.410			-2.941
23804.000			29.408			-2.941
23905.000			29.406			-2.941
24003.000			29.402			-2.940
24104.000			29.400			-2.940
24205.000			29.396			-2.940
24304.000			29.394			-2.939
24404.000			29.394			-2.939
24505.000			29.392			-2.939
24604.000			29.389			-2.939
24703.000			29.386			-2.939
24805.000			29.384			-2.938
24904.000			29.381			-2.938
25005.000			29.380			-2.938
25104.000			29.378			-2.938
25204.000			29.376			-2.938
25305.000			29.374			-2.937
25403.000			29.370			-2.937
25504.000			29.367			-2.937
25605.000			29.365			-2.937
25704.000			29.364			-2.936
25804.000			29.361			-2.936
25905.000			29.360			-2.936
26004.000			29.357			-2.936
26103.000			29.355			-2.936
26205.000			29.352			-2.935
26304.000			29.351			-2.935
26404.000			29.349			-2.935
26505.000			29.347			-2.935
26604.000			29.345			-2.935
26704.000			29.343			-2.934
26804.000			29.341			-2.934
26904.000			29.338			-2.934
27003.000			29.336			-2.934
27105.000			29.334			-2.933
27204.000			29.332			-2.933
27304.000			29.331			-2.933
27405.000			29.328			-2.933
27503.000			29.327			-2.933
27604.000			29.323			-2.932
27705.000			29.322			-2.932
27804.000			29.319			-2.932
27904.000			29.316			-2.932
28004.000			29.315			-2.932
28104.000			29.314			-2.931
28203.000			29.312			-2.931
28304.000			29.308			-2.931
28404.000			29.306			-2.931
28505.000			29.304			-2.930
28604.000			29.302			-2.930
28704.000			29.301			-2.930
28805.000			29.299			-2.930
28903.000			29.298			-2.930
29004.000			29.294			-2.929
29104.000			29.292			-2.929
29204.000			29.290			-2.929
29304.000			29.288			-2.929
29405.000			29.286			-2.929
29504.000			29.285			-2.929
29604.000			29.283			-2.928
29705.000			29.282			-2.928
29803.000			29.279			-2.928
29904.000			29.277			-2.928
30005.000			29.275			-2.928
30104.000			29.274			-2.927
30204.000			29.272			-2.927
30305.000			29.269			-2.927
30404.000			29.269			-2.927
30503.000			29.266			-2.927
30605.000			29.263			-2.926
30704.000			29.261			-2.926
30804.000			29.260			-2.926
30905.000			29.259			-2.926
31004.000			29.258			-2.926
31104.000			29.255			-2.926
31205.000			29.252			-2.925
31304.000			29.250			-2.925
31405.000			29.249			-2.925
31504.000			29.248			-2.925
31604.000			29.246			-2.925
31704.000			29.244			-2.924
31804.000			29.243			-2.924
31904.000			29.241			-2.924
32005.000			29.237			-2.924
32104.000			29.236			-2.924
32204.000			29.235			-2.924
32305.000			29.234			-2.923
32403.000			29.232			-2.923
32504.000			29.231			-2.923
32605.000			29.228			-2.923
32704.000			29.224			-2.922
32804.000			29.224			-2.922
32905.000			29.223			-2.922
33004.000			29.221			-2.922
33103.000			29.219			-2.922
33205.000			29.217			-2.922
33304.000			29.216			-2.922
33404.000			29.213			-2.921
33505.000			29.212			-2.921
33604.000			29.210			-2.921
33704.000			29.208			-2.921
33804.000			29.207			-2.921
33904.000			29.205			-2.921
34004.000			29.204			-2.920
34105.000			29.202			-2.920
34204.000			29.201			-2.920
34303.000			29.198			-2.920
34405.000			29.197			-2.920
34504.000			29.195			-2.920
34605.000			29.193			-2.919
34704.000			29.192			-2.919
34804.000			29.190			-2.919
34905.000			29.187			-2.919
35003.000			29.185			-2.919
35104.000			29.185			-2.918
35205.000			29.183			-2.918
35304.000			29.182			-2.918
35404.000			29.180			-2.918
35505.000			29.179			-2.918
35604.000			29.176			-2.918
35703.000			29.174			-2.917
35805.000			29.173			-2.917
35904.000			29.172			-2.917
36004.000			29.170			-2.917
36105.000			29.169			-2.917
36204.000			29.167			-2.917
36304.000			29.164			-2.916
36404.000			29.164			-2.916
36504.000			29.162			-2.916
36604.000			29.160			-2.916
36705.000			29.159			-2.916
36804.000			29.158			-2.916
36904.000			29.155			-2.915
37005.000			29.154			-2.915
37103.000			29.152			-2.915
37204.000			29.151			-2.915
37305.000			29.149			-2.915
37404.000			29.147			-2.915
37504.000			29.146			-2.915
37604.000			29.144			-2.914
37704.000			29.143			-2.914
37803.000			29.140			-2.914
37904.000			29.140			-2.914
38004.000			29.138			-2.914
38105.000			29.136			-2.914
38204.000			29.135			-2.913
38304.000			29.134			-2.913
38405.000			29.133			-2.913
38503.000			29.129			-2.913
38604.000			29.128			-2.913
38705.000			29.127			-2.913
38804.000			29.126			-2.913
38904.000			29.125			-2.913
39005.000			29.123			-2.912
39104.000			29.121			-2.912
39203.000			29.120			-2.912
39305.000			29.119			-2.912
39404.000			29.117			-2.912
39504.000			29.116			-2.912
39605.000			29.114			-2.911
39704.000			29.112			-2.911
39804.000			29.111			-2.911
39904.000			29.110			-2.911
40004.000			29.108			-2.911
40104.000			29.107			-2.911
40205.000			29.105			-2.911
40304.000			29.104			-2.910
40404.000			29.102			-2.910
40505.000			29.101			-2.910
40604.000			29.100			-2.910
40704.000			29.097			-2.910
40805.000			29.095			-2.910
40904.000			29.094			-2.909
41005.000			29.093			-2.909
41103.000			29.092			-2.909
41204.000			29.091			-2.909
41305.000			29.090			-2.909
41404.000			29.086			-2.909
41504.000			29.084			-2.908
41605.000			29.084			-2.908
41704.000			29.084			-2.908
41803.000			29.082			-2.908
41905.000			29.081			-2.908
42004.000			29.079			-2.908
42104.000			29.076			-2.908
42205.000			29.076			-2.908
42304.000			29.075			-2.907
42404.000			29.073			-2.907
42504.000			29.072			-2.907
42604.000			29.071			-2.907
42704.000			29.069			-2.907
42805.000			29.069			-2.907
42904.000			29.066			-2.907
43004.000			29.065			-2.906
43105.000			29.064			-2.906
43203.000			29.063			-2.906
43304.000			29.060			-2.906
43405.000			29.059			-2.906
43504.000			29.059			-2.906
43604.000			29.056			-2.906
43705.000			29.054			-2.905
43804.000			29.052			-2.905
43903.000			29.051			-2.905
44005.000			29.051			-2.905
44104.000			29.050			-2.905
44205.000			29.049			-2.905
44304.000			29.047			-2.905
44404.000			29.046			-2.905
44505.000			29.045			-2.904
44603.000			29.044			-2.904
44704.000			29.043			-2.904
44805.000			29.041			-2.904
44904.000			29.040			-2.904
45004.000			29.038			-2.904
45104.000			29.037			-2.904
45204.000			29.035			-2.904
45303.000			29.034			-2.903
45405.000			29.033			-2.903
45504.000			29.032			-2.903
45604.000			29.031			-2.903
45705.000			29.030			-2.903
45803.000			29.028			-2.903
45904.000			29.026			-2.903
46005.000			29.025			-2.902
46104.000			29.024			-2.902
46204.000			29.022			-2.902
46305.000			29.020			-2.902
46404.000			29.019			-2.902
46503.000			29.018			-2.902
46605.000			29.017			-2.902
46704.000			29.015			-2.902
46804.000			29.015			-2.901
46905.000			29.014			-2.901
47004.000			29.012			-2.901
47104.000			29.011			-2.901
47203.000			29.010			-2.901
47304.000			29.009			-2.901
47405.000			29.007			-2.901
47504.000			29.005			-2.901
47604.000			29.005			-2.900
47705.000			29.003			-2.900
47804.000			29.003			-2.900
47903.000			29.002			-2.900
48005.000			29.000			-2.900
48104.000			28.999			-2.900
48204.000			28.998			-2.900
48305.000			28.996			-2.900
48404.000			28.995			-2.900
48504.000			28.994			-2.899
48604.000			28.993			-2.899
48704.000			28.990			-2.899
48803.000			28.989			-2.899
48905.000			28.988			-2.899
49004.000			28.987			-2.899
49104.000			28.986			-2.899
49205.000			28.985			-2.898
49304.000			28.983			-2.898
49404.000			28.982			-2.898
49504.000			28.980			-2.898
49604.000			28.979			-2.898
49704.000			28.978			-2.898
49805.000			28.977			-2.898
49904.000			28.976			-2.898
50004.000			28.975			-2.898
50105.000			28.974			-2.897
50203.000			28.973			-2.897
50304.000			28.971			-2.897
50405.000			28.970			-2.897
50504.000			28.969			-2.897
50605.000			28.967			-2.897
50704.000			28.967			-2.897
50804.000			28.966			-2.897
50904.000			28.964			-2.896
51004.000			28.962			-2.896
51104.000			28.962			-2.896
51205.000			28.961			-2.896
51304.000			28.959			-2.896
51404.000			28.958			-2.896
51505.000			28.958			-2.896
51603.000			28.955			-2.896
51704.000			28.954			-2.895
51805.000			28.953			-2.895
51904.000			28.951			-2.895
52004.000			28.950			-2.895
52105.000			28.950			-2.895
52204.000			28.949			-2.895
52303.000			28.945			-2.895
52405.000			28.945			-2.895
52504.000			28.945			-2.895
52604.000			28.945			-2.895
52705.000			28.943			-2.894
52804.000			28.942			-2.894
52904.000			28.941			-2.894
53004.000			28.940			-2.894
53104.000			28.939			-2.894
53204.000			28.937			-2.894
53305.000			28.936			-2.894
53404.000			28.936			-2.894
53504.000			28.935			-2.894
53605.000			28.934			-2.893
53703.000			28.933			-2.893
53805.000			28.931			-2.893
53904.000			28.930			-2.893
54004.000			28.929			-2.893
54105.000			28.927			-2.893
54204.000			28.927			-2.893
54304.000			28.926			-2.893
54404.000			28.925			-2.892
54504.000			28.924			-2.892
54604.000			28.922			-2.892
54705.000			28.921			-2.892
54804.000			28.921			-2.892
54904.000			28.919			-2.892
55005.000			28.918			-2.892
55103.000			28.917			-2.892
55204.000			28.914			-2.891
55305.000			28.914			-2.891
55404.000			28.913			-2.891
55504.000			28.911			-2.891
55605.000			28.911			-2.891
55704.000			28.910			-2.891
55803.000			28.909			-2.891
55905.000			28.908			-2.891
56004.000			28.905			-2.891
56104.000			28.905			-2.891
56205.000			28.905			-2.890
56304.000			28.905			-2.891
56404.000			28.904			-2.890
56504.000			28.903			-2.890
56604.000			28.901			-2.890
56704.000			28.898			-2.890
56804.000			28.898			-2.890
56904.000			28.898			-2.890
57005.000			28.896			-2.890
57104.000			28.895			-2.890
57203.000			28.895			-2.889
57305.000			28.893			-2.889
57404.000			28.892			-2.889
57504.000			28.890			-2.889
57605.000			28.890			-2.889
57704.000			28.889			-2.889
57804.000			28.888			-2.889
57904.000			28.887			-2.889
58004.000			28.886			-2.889
58104.000			28.885			-2.889
58205.000			28.883			-2.888
58304.000			28.882			-2.888
58404.000			28.881			-2.888
58505.000			28.879			-2.888
58604.000			28.878			-2.888
58704.000			28.878			-2.888
58804.000			28.879			-2.888
58904.000			28.876			-2.888
59004.000			28.875			-2.887
59105.000			28.874			-2.887
59204.000			28.873			-2.887
59304.000			28.873			-2.887
59405.000			28.871			-2.887
59503.000			28.870			-2.887
59604.000			28.869			-2.887
59705.000			28.867			-2.887
59804.000			28.867			-2.887
59904.000			28.866			-2.887
60004.000			28.866			-2.887
60104.000			28.864			-2.886
60203.000			28.862			-2.886
60304.000			28.861			-2.886
60404.000			28.860			-2.886
60505.000			28.859			-2.886
60604.000			28.859			-2.886
60704.000			28.858			-2.886
60805.000			28.857			-2.886
60903.000			28.857			-2.886
61004.000			28.856			-2.886
61105.000			28.853			-2.885
61204.000			28.852			-2.885
61304.000			28.852			-2.885
61405.000			28.851			-2.885
61504.000			28.850			-2.885
61603.000			28.849			-2.885
61705.000			28.848			-2.885
61804.000			28.847			-2.885
61904.000			28.846			-2.885
62005.000			28.844			-2.884
62104.000			28.843			-2.884
62204.000			28.843			-2.884
62304.000			28.843			-2.884
62404.000			28.841			-2.884
62503.000			28.840			-2.884
62605.000			28.839			-2.884
62704.000			28.837			-2.884
62804.000			28.837			-2.884
62905.000			28.835			-2.883
63004.000			28.835			-2.883
63104.000			28.834			-2.883
63203.000			28.833			-2.883
63304.000			28.831			-2.883
63405.000			28.830			-2.883
63504.000			28.829			-2.883
63604.000			28.828			-2.883
63704.000			28.828			-2.883
63804.000			28.827			-2.883
63903.000			28.827			-2.883
64005.000			28.826			-2.883
64104.000			28.825			-2.882
64204.000			28.824			-2.882
64305.000			28.822			-2.882
64404.000			28.821			-2.882
64504.000			28.821			-2.882
64604.000			28.820			-2.882
64704.000			28.818			-2.882
64804.000			28.818			-2.882
64905.000			28.817			-2.882
65004.000			28.816			-2.882
65104.000			28.816			-2.882
65205.000			28.815			-2.881
65303.000			28.813			-2.881
65404.000			28.812			-2.881
65505.000			28.811			-2.881
65604.000			28.810			-2.881
65704.000			28.809			-2.881
65805.000			28.809			-2.881
65904.000			28.809			-2.881
66003.000			28.808			-2.881
66105.000			28.806			-2.881
66204.000			28.804			-2.880
66304.000			28.803			-2.880
66405.000			28.803			-2.880
66504.000			28.802			-2.880
66605.000			28.801			-2.880
66703.000			28.801			-2.880
66804.000			28.800			-2.880
66905.000			28.798			-2.880
67004.000			28.797			-2.880
67104.000			28.796			-2.880
67205.000			28.795			-2.880
67304.000			28.794			-2.879
67403.000			28.794			-2.879
67505.000			28.793			-2.879
67604.000			28.791			-2.879
67704.000			28.790			-2.879
67805.000			28.789			-2.879
67904.000			28.789			-2.879
68004.000			28.789			-2.879
68105.000			28.789			-2.879
68204.000			28.788			-2.879
68303.000			28.785			-2.879
68405.000			28.785			-2.879
68504.000			28.784			-2.878
68604.000			28.783			-2.878
68705.000			28.782			-2.878
68804.000			28.782			-2.878
68904.000			28.780			-2.878
69004.000			28.779			-2.878
69104.000			28.779			-2.878
69204.000			28.777			-2.878
69305.000			28.776			-2.878
69404.000			28.776			-2.878
69504.000			28.775			-2.878
69605.000			28.774			-2.877
69703.000			28.774			-2.877
69805.000			28.772			-2.877
69903.000			28.772			-2.877
70004.000			28.770			-2.877
70105.000			28.769			-2.877
70204.000			28.767			-2.877
70304.000			28.767			-2.877
70405.000			28.767			-2.877
70504.000			28.766			-2.877
70603.000			28.765			-2.877
70705.000			28.764			-2.876
70804.000			28.763			-2.876
70904.000			28.763			-2.876
71005.000			28.762			-2.876
71104.000			28.762			-2.876
71204.000			28.759			-2.876
71304.000			28.759			-2.876
71404.000			28.758			-2.876
71504.000			28.757			-2.876
71605.000			28.757			-2.876
71704.000			28.756			-2.876
71804.000			28.755			-2.875
71905.000			28.754			-2.875
72003.000			28.753			-2.875
72104.000			28.751			-2.875
72205.000			28.750			-2.875
72304.000			28.750			-2.875
72404.000			28.750			-2.875
72505.000			28.749			-2.875
72604.000			28.748			-2.875
72703.000			28.747			-2.875
72805.000			28.747			-2.875
72904.000			28.746			-2.875
73005.000			28.746			-2.875
73104.000			28.744			-2.874
73204.000			28.743			-2.874
73305.000			28.743			-2.874
73403.000			28.742			-2.874
73504.000			28.740			-2.874
73605.000			28.739			-2.874
73704.000			28.739			-2.874
73804.000			28.737			-2.874
73905.000			28.737			-2.874
74004.000			28.737			-2.874
74103.000			28.735			-2.874
74205.000			28.735			-2.873
74304.000			28.733			-2.873
74404.000			28.732			-2.873
74505.000			28.732			-2.873
74604.000			28.731			-2.873
74704.000			28.731			-2.873
74804.000			28.730			-2.873
74904.000			28.729			-2.873
75004.000			28.729			-2.873
75105.000			28.727			-2.873
75204.000			28.725			-2.873
75304.000			28.725			-2.872
75405.000			28.725			-2.873
75503.000			28.724			-2.872
75604.000			28.723			-2.872
75705.000			28.721			-2.872
75804.000			28.721			-2.872
75904.000			28.720			-2.872
76004.000			28.720			-2.872
76104.000			28.719			-2.872
76203.000			28.718			-2.872
76304.000			28.717			-2.872
76403.000			28.715			-2.872
76505.000			28.715			-2.871
76604.000			28.714			-2.871
76704.000			28.714			-2.871
76805.000			28.713			-2.871
76904.000			28.711			-2.871
77004.000			28.712			-2.871
77104.000			28.711			-2.871
77204.000			28.710			-2.871
77304.000			28.708			-2.871
77405.000			28.708			-2.871
77504.000			28.708			-2.871
77604.000			28.707			-2.871
77705.000			28.707			-2.871
77803.000			28.705			-2.870
77904.000			28.704			-2.870
78005.000			28.704			-2.870
78104.000			28.703			-2.870
78204.000			28.701			-2.870
78305.000			28.701			-2.870
78404.000			28.702			-2.870
78503.000			28.699			-2.870
78605.000			28.700			-2.870
78704.000			28.699			-2.870
78804.000			28.697			-2.870
78905.000			28.697			-2.870
79004.000			28.696			-2.870
79104.000			28.695			-2.869
79203.000			28.695			-2.869
79304.000			28.692			-2.869
79403.000			28.691			-2.869
79504.000			28.691			-2.869
79604.000			28.692			-2.869
79705.000			28.691			-2.869
79804.000			28.689			-2.869
79904.000			28.688			-2.869
80005.000			28.687			-2.869
80103.000			28.687			-2.869
80204.000			28.687			-2.869
80305.000			28.686			-2.869
80404.000			28.684			-2.868
80504.000			28.684			-2.868
80605.000			28.684			-2.868
80704.000			28.682			-2.868
80803.000			28.681			-2.868
80905.000			28.681			-2.868
81004.000			28.679			-2.868
81104.000			28.679			-2.868
81205.000			28.680			-2.868
81304.000			28.679			-2.868
81404.000			28.677			-2.868
81504.000			28.676			-2.868
81604.000			28.677			-2.868
81704.000			28.675			-2.867
81805.000			28.673			-2.867
81904.000			28.673			-2.867
82004.000			28.673			-2.867
82105.000			28.672			-2.867
82203.000			28.670			-2.867
82304.000			28.669			-2.867
82405.000			28.669			-2.867
82504.000			28.670			-2.867
82605.000			28.668			-2.867
82704.000			28.667			-2.867
82804.000			28.667			-2.867
82905.000			28.665			-2.866
83004.000			28.664			-2.866
83103.000			28.664			-2.866
83205.000			28.664			-2.866
83304.000			28.663			-2.866
83404.000			28.662			-2.866
83505.000			28.661			-2.866
83604.000			28.660			-2.866
83704.000			28.660			-2.866
83804.000			28.660			-2.866
83904.000			28.658			-2.866
84004.000			28.658			-2.866
84105.000			28.657			-2.866
84204.000			28.655			-2.866
84304.000			28.655			-2.865
84405.000			28.654			-2.865
84503.000			28.654			-2.865
84604.000			28.654			-2.865
84705.000			28.653			-2.865
84804.000			28.652			-2.865
84904.000			28.651			-2.865
85005.000			28.650			-2.865
85104.000			28.650			-2.865
85203.000			28.648			-2.865
85305.000			28.647			-2.865
85404.000			28.647			-2.865
85504.000			28.647			-2.865
85605.000			28.646			-2.865
85704.000			28.645			-2.864
85805.000			28.644			-2.864
85904.000			28.643			-2.864
86004.000			28.643			-2.864
86104.000			28.643			-2.864
86204.000			28.641			-2.864
86304.000			28.641			-2.864
86405.000			28.640			-2.864
86504.000			28.640			-2.864
86604.000			28.639			-2.864
86705.000			28.638			-2.864
86803.000			28.637			-2.864
86904.000			28.636			-2.864
87005.000			28.635			-2.863
87104.000			28.634			-2.863
87204.000			28.634			-2.863
87305.000			28.634			-2.863
87404.000			28.633			-2.863
87503.000			28.633			-2.863
87605.000			28.632			-2.863
87704.000			28.631			-2.863
87804.000			28.630			-2.863
87905.000			28.630			-2.863
88004.000			28.629			-2.863
88104.000			28.628			-2.863
88204.000			28.628			-2.863
88304.000			28.626			-2.863
88404.000			28.625			-2.863
88505.000			28.626			-2.863
88604.000			28.625			-2.862
88704.000			28.624			-2.862
88805.000			28.623			-2.862
88903.000			28.622			-2.862
89005.000			28.622			-2.862
89104.000			28.621			-2.862
89204.000			28.619			-2.862
89305.000			28.619			-2.862
89404.000			28.619			-2.862
89504.000			28.617			-2.862
89604.000			28.617			-2.862
89704.000			28.616			-2.862
89803.000			28.615			-2.862
89905.000			28.615			-2.861
90004.000			28.614			-2.861
90104.000			28.614			-2.861
90205.000			28.613			-2.861
90304.000			28.612			-2.861
90404.000			28.611			-2.861
90504.000			28.610			-2.861
90604.000			28.610			-2.861
90704.000			28.610			-2.861
90805.000			28.610			-2.861
90904.000			28.608			-2.861
91004.000			28.608			-2.861
91105.000			28.607			-2.861
91203.000			28.606			-2.861
91304.000			28.606			-2.861
91405.000			28.607			-2.861
91504.000			28.606			-2.861
91604.000			28.604			-2.860
91705.000			28.603			-2.860
91804.000			28.602			-2.860
91903.000			28.602			-2.860
92005.000			28.602			-2.860
92104.000			28.602			-2.860
92205.000			28.600			-2.860
92304.000			28.599			-2.860
92404.000			28.598			-2.860
92505.000			28.597			-2.860
92603.000			28.597			-2.860
92704.000			28.597			-2.860
92805.000			28.596			-2.860
92904.000			28.595			-2.860
93004.000			28.594			-2.859
93105.000			28.592			-2.859
93204.000			28.592			-2.859
93303.000			28.591			-2.859
93405.000			28.590			-2.859
93504.000			28.591			-2.859
93604.000			28.591			-2.859
93705.000			28.590			-2.859
93804.000			28.587			-2.859
93904.000			28.587			-2.859
94004.000			28.587			-2.859
94104.000			28.587			-2.859
94203.000			28.586			-2.859
94305.000			28.585			-2.859
94404.000			28.586			-2.859
94504.000			28.584			-2.858
94605.000			28.583			-2.858
94704.000			28.582			-2.858
94804.000			28.583			-2.858
94904.000			28.581			-2.858
95004.000			28.580			-2.858
95104.000			28.581			-2.858
95204.000			28.580			-2.858
95304.000			28.579			-2.858
95405.000			28.577			-2.858
95504.000			28.577			-2.858
95603.000			28.578			-2.858
95705.000			28.577			-2.858
95804.000			28.576			-2.858
95904.000			28.575			-2.857
96005.000			28.574			-2.857
96104.000			28.574			-2.857
96204.000			28.574			-2.857
96304.000			28.573			-2.857
96404.000			28.573			-2.857
96504.000			28.572			-2.857
96605.000			28.571			-2.857
96704.000			28.570			-2.857
96804.000			28.569			-2.857
96905.000			28.568			-2.857
97003.000			28.567			-2.857
97104.000			28.566			-2.857
97205.000			28.565			-2.857
97304.000			28.566			-2.857
97404.000			28.565			-2.857
97505.000			28.564			-2.856
97604.000			28.564			-2.856
97704.000			28.563			-2.856
97805.000			28.562			-2.856
97903.000			28.562			-2.856
98004.000			28.562			-2.856
98105.000			28.562			-2.856
98204.000			28.559			-2.856
98304.000			28.560			-2.856
98404.000			28.560			-2.856
98504.000			28.558			-2.856
98603.000			28.557			-2.856
98704.000			28.556			-2.856
98804.000			28.556			-2.856
98905.000			28.555			-2.855
99004.000			28.555			-2.855
99104.000			28.553			-2.855
99205.000			28.553			-2.855
99303.000			28.554			-2.855
99404.000			28.552			-2.855
99504.000			28.551			-2.855
99604.000			28.551			-2.855
99704.000			28.550			-2.855
99805.000			28.550			-2.855
99904.000			28.548			-2.855
100004.000			28.548			-2.855
100105.000			28.547			-2.855
100203.000			28.546			-2.855
100304.000			28.546			-2.855
100405.000			28.546			-2.855
100504.000			28.545			-2.854
100604.000			28.544			-2.854
100705.000			28.543			-2.854
100804.000			28.544			-2.854
100903.000			28.543			-2.854
101005.000			28.542			-2.854
101104.000			28.541			-2.854
101204.000			28.541			-2.854
101305.000			28.540			-2.854
101404.000			28.539			-2.854
101504.000			28.540			-2.854
101603.000			28.539			-2.854
101704.000			28.538			-2.854
101805.000			28.537			-2.854
101904.000			28.536			-2.854
102004.000			28.536			-2.854
102105.000			28.535			-2.854
102204.000			28.535			-2.853
102303.000			28.534			-2.853
102405.000			28.533			-2.853
102504.000			28.532			-2.853
102604.000			28.531			-2.853
102705.000			28.531			-2.853
102804.000			28.531			-2.853
102904.000			28.529			-2.853
103004.000			28.530			-2.853
103104.000			28.529			-2.853
103203.000			28.528			-2.853
103305.000			28.527			-2.853
103404.000			28.526			-2.853
103504.000			28.525			-2.853
103605.000			28.526			-2.853
103704.000			28.525			-2.852
103804.000			28.523			-2.852
103904.000			28.523			-2.852
104004.000			28.523			-2.852
104104.000			28.522			-2.852
104205.000			28.522			-2.852
104304.000			28.521			-2.852
104404.000			28.521			-2.852
104505.000			28.521			-2.852
104603.000			28.520			-2.852
104704.000			28.518			-2.852
104805.000			28.517			-2.852
104904.000			28.518			-2.852
105005.000			28.518			-2.852
105104.000			28.516			-2.852
105204.000			28.515			-2.852
105304.000			28.515			-2.852
105404.000			28.514			-2.851
105504.000			28.514			-2.851
105605.000			28.514			-2.851
105704.000			28.514			-2.851
105804.000			28.513			-2.851
105905.000			28.512			-2.851
106003.000			28.511			-2.851
106104.000			28.510			-2.851
106205.000			28.509			-2.851
106304.000			28.510			-2.851
106404.000			28.509			-2.851
106505.000			28.509			-2.851
106604.000			28.508			-2.851
106703.000			28.507			-2.851
106805.000			28.507			-2.851
106904.000			28.505			-2.851
107004.000			28.505			-2.851
107105.000			28.505			-2.851
107204.000			28.505			-2.851
107304.000			28.504			-2.850
107405.000			28.503			-2.850
107504.000			28.503			-2.850
107603.000			28.502			-2.850
107705.000			28.503			-2.850
107804.000			28.502			-2.850
107904.000			28.501			-2.850
108005.000			28.501			-2.850
108104.000			28.498			-2.850
108205.000			28.499			-2.850
108303.000			28.499			-2.850
108404.000			28.497			-2.850
108505.000			28.496			-2.850
108604.000			28.497			-2.850
108704.000			28.496			-2.850
108805.000			28.496			-2.850
108904.000			28.496			-2.850
109004.000			28.495			-2.850
109105.000			28.493			-2.849
109203.000			28.494			-2.849
109304.000			28.493			-2.849
109405.000			28.492			-2.849
109504.000			28.492			-2.849
109604.000			28.491			-2.849
109705.000			28.490			-2.849
109804.000			28.490			-2.849
109903.000			28.489			-2.849
110005.000			28.488			-2.849
110104.000			28.488			-2.849
110204.000			28.488			-2.849
110305.000			28.486			-2.849
110404.000			28.486			-2.849
110504.000			28.486			-2.849
110604.000			28.485			-2.848
110704.000			28.484			-2.848
110803.000			28.484			-2.848
110905.000			28.484			-2.848
111004.000			28.483			-2.848
111104.000			28.481			-2.848
111205.000			28.481			-2.848
111304.000			28.480			-2.848
111405.000			28.480			-2.848
111503.000			28.479			-2.848
111604.000			28.478			-2.848
111705.000			28.478			-2.848
111804.000			28.478			-2.848
111904.000			28.478			-2.848
112005.000			28.476			-2.848
112104.000			28.476			-2.848
112203.000			28.476			-2.848
112305.000			28.475			-2.847
112404.000			28.475			-2.847
112504.000			28.474			-2.847
112605.000			28.474			-2.847
112704.000			28.473			-2.847
112804.000			28.473			-2.847
112904.000			28.471			-2.847
113004.000			28.471			-2.847
113104.000			28.471			-2.847
113205.000			28.471			-2.847
113304.000			28.470			-2.847
113404.000			28.469			-2.847
113505.000			28.468			-2.847
113603.000			28.468			-2.847
113704.000			28.467			-2.847
113804.000			28.466			-2.847
113904.000			28.465			-2.846
114004.000			28.465			-2.846
114105.000			28.465			-2.846
114204.000			28.465			-2.846
114304.000			28.463			-2.846
114405.000			28.461			-2.846
114503.000			28.461			-2.846
114605.000			28.462			-2.846
114704.000			28.461			-2.846
114804.000			28.461			-2.846
114905.000			28.460			-2.846
115004.000			28.460			-2.846
115104.000			28.460			-2.846
115204.000			28.459			-2.846
115304.000			28.459			-2.846
115404.000			28.458			-2.846
115505.000			28.457			-2.846
115604.000			28.457			-2.846
115704.000			28.456			-2.846
115805.000			28.456			-2.846
115904.000			28.456			-2.846
116004.000			28.454			-2.845
116104.000			28.453			-2.845
116204.000			28.452			-2.845
116304.000			28.452			-2.845
116405.000			28.451			-2.845
116504.000			28.451			-2.845
116604.000			28.452			-2.845
116705.000			28.451			-2.845
116803.000			28.450			-2.845
116904.000			28.450			-2.845
117005.000			28.450			-2.845
117104.000			28.448			-2.845
117204.000			28.447			-2.845
117305.000			28.446			-2.845
117404.000			28.445			-2.845
117503.000			28.445			-2.845
117605.000			28.445			-2.845
117704.000			28.445			-2.844
117805.000			28.445			-2.844
117904.000			28.444			-2.844
118004.000			28.443			-2.844
118105.000			28.443			-2.844
118204.000			28.443			-2.844
118304.000			28.442			-2.844
118404.000			28.442			-2.844
118504.000			28.440			-2.844
118604.000			28.440			-2.844
118705.000			28.440			-2.844
118804.000			28.439			-2.844
118904.000			28.439			-2.844
119005.000			28.439			-2.844
119103.000			28.438			-2.844
119204.000			28.438			-2.844
119305.000			28.436			-2.844
119404.000			28.436			-2.844
119504.000			28.435			-2.844
119605.000			28.434			-2.843
119704.000			28.435			-2.843
119803.000			28.434			-2.843
119905.000			28.434			-2.843
120004.000			28.433			-2.843
120104.000			28.433			-2.843
120205.000			28.432			-2.843
120304.000			28.430			-2.843
120404.000			28.430			-2.843
120504.000			28.429			-2.843
120604.000			28.429			-2.843
120704.000			28.428			-2.843
120804.000			28.428			-2.843
120904.000			28.429			-2.843
121005.000			28.428			-2.843
121104.000			28.427			-2.843
121203.000			28.428			-2.843
121305.000			28.429			-2.843
121404.000			28.427			-2.843
121504.000			28.426			-2.843
121605.000			28.425			-2.842
121704.000			28.423			-2.842
121804.000			28.423			-2.842
121904.000			28.424			-2.842
122004.000			28.423			-2.842
122103.000			28.422			-2.842
122205.000			28.421			-2.842
122304.000			28.421			-2.842
122404.000			28.421			-2.842
122505.000			28.421			-2.842
122604.000			28.420			-2.842
122704.000			28.418			-2.842
122804.000			28.418			-2.842
122904.000			28.418			-2.842
123004.000			28.418			-2.842
123105.000			28.417			-2.842
123204.000			28.417			-2.842
123304.000			28.417			-2.842
123405.000			28.415			-2.841
123503.000			28.415			-2.841
123604.000			28.414			-2.841
123705.000			28.413			-2.841
123804.000			28.414			-2.841
123904.000			28.414			-2.841
124004.000			28.413			-2.841
124104.000			28.412			-2.841
124203.000			28.411			-2.841
124304.000			28.410			-2.841
124404.000			28.409			-2.841
124505.000			28.410			-2.841
124604.000			28.410			-2.841
124704.000			28.409			-2.841
124805.000			28.409			-2.841
124903.000			28.409			-2.841
125004.000			28.408			-2.841
125105.000			28.406			-2.841
125204.000			28.406			-2.841
125304.000			28.406			-2.841
125405.000			28.406			-2.841
125504.000			28.405			-2.840
125603.000			28.405			-2.841
125705.000			28.404			-2.840
125804.000			28.404			-2.840
125904.000			28.403			-2.840
126005.000			28.403			-2.840
126104.000			28.402			-2.840
126204.000			28.402			-2.840
126304.000			28.401			-2.840
126404.000			28.400			-2.840
126504.000			28.400			-2.840
126605.000			28.399			-2.840
126704.000			28.399			-2.840
126804.000			28.398			-2.840
126905.000			28.398			-2.840
127004.000			28.398			-2.840
127104.000			28.397			-2.840
127203.000			28.397			-2.840
127304.000			28.396			-2.840
127405.000			28.396			-2.840
127504.000			28.396			-2.840
127604.000			28.394			-2.839
127705.000			28.394			-2.839
127804.000			28.394			-2.839
127903.000			28.394			-2.839
128005.000			28.393			-2.839
128103.000			28.392			-2.839
128204.000			28.391			-2.839
128305.000			28.391			-2.839
128404.000			28.391			-2.839
128504.000			28.390			-2.839
128605.000			28.389			-2.839
128704.000			28.388			-2.839
128803.000			28.388			-2.839
128905.000			28.388			-2.839
129004.000			28.388			-2.839
129104.000			28.387			-2.839
129205.000			28.386			-2.839
129304.000			28.385			-2.839
129404.000			28.386			-2.839
129504.000			28.386			-2.839
129604.000			28.385			-2.838
129703.000			28.384			-2.838
129805.000			28.383			-2.838
129904.000			28.383			-2.838
130004.000			28.382			-2.838
130105.000			28.382			-2.838
130204.000			28.381			-2.838
130304.000			28.381			-2.838
130403.000			28.381			-2.838
130504.000			28.381			-2.838
130605.000			28.381			-2.838
130704.000			28.380			-2.838
130804.000			28.378			-2.838
130905.000			28.377			-2.838
131004.000			28.377			-2.838
131103.000			28.377			-2.838
131205.000			28.377			-2.838
131303.000			28.375			-2.838
131404.000			28.375			-2.838
131505.000			28.376			-2.838
131604.000			28.374			-2.837
131704.000			28.372			-2.837
131805.000			28.372			-2.837
131904.000			28.373			-2.837
132003.000			28.373			-2.837
132105.000			28.372			-2.837
132203.000			28.372			-2.837
132304.000			28.372			-2.837
132405.000			28.371			-2.837
132504.000			28.371			-2.837
132604.000			28.370			-2.837
132705.000			28.369			-2.837
132804.000			28.369			-2.837
132903.000			28.369			-2.837
133005.000			28.368			-2.837
133103.000			28.367			-2.837
133204.000			28.366			-2.837
133305.000			28.365			-2.837
133404.000			28.366			-2.837
133504.000			28.365			-2.837
133604.000			28.365			-2.837
133704.000			28.365			-2.836
133803.000			28.364			-2.836
133904.000			28.363			-2.836
134003.000			28.362			-2.836
134105.000			28.362			-2.836
134204.000			28.362			-2.836
134304.000			28.361			-2.836
134405.000			28.361			-2.836
134504.000			28.360			-2.836
134604.000			28.359			-2.836
134704.000			28.359			-2.836
134804.000			28.359			-2.836
134903.000			28.360			-2.836
135005.000			28.359			-2.836
135104.000			28.358			-2.836
135204.000			28.358			-2.836
135305.000			28.356			-2.836
135404.000			28.356			-2.836
135504.000			28.356			-2.836
135605.000			28.355			-2.836
135704.000			28.354			-2.835
135803.000			28.353			-2.835
135905.000			28.354			-2.835
136004.000			28.353			-2.835
136104.000			28.352			-2.835
136205.000			28.352			-2.835
136304.000			28.352			-2.835
136404.000			28.351			-2.835
136504.000			28.350			-2.835
136604.000			28.350			-2.835
136703.000			28.350			-2.835
136805.000			28.349			-2.835
136904.000			28.348			-2.835
137005.000			28.348			-2.835
137104.000			28.348			-2.835
137204.000			28.348			-2.835
137305.000			28.347			-2.835
137404.000			28.346			-2.835
137504.000			28.345			-2.835
137604.000			28.346			-2.835
137704.000			28.345			-2.835
137804.000			28.345			-2.834
137905.000			28.343			-2.834
138004.000			28.343			-2.834
138104.000			28.344			-2.834
138205.000			28.342			-2.834
138304.000			28.342			-2.834
138404.000			28.341			-2.834
138504.000			28.340			-2.834
138604.000			28.340			-2.834
138704.000			28.340			-2.834
138805.000			28.339			-2.834
138904.000			28.339			-2.834
139004.000			28.339			-2.834
139105.000			28.338			-2.834
139204.000			28.339			-2.834
139304.000			28.338			-2.834
139404.000			28.337			-2.834
139504.000			28.337			-2.834
139604.000			28.336			-2.834
139705.000			28.336			-2.834
139804.000			28.336			-2.834
139904.000			28.335			-2.833
140005.000			28.333			-2.833
140104.000			28.334			-2.833
140205.000			28.334			-2.833
140303.000			28.332			-2.833
140404.000			28.332			-2.833
140505.000			28.333			-2.833
140604.000			28.332			-2.833
140704.000			28.331			-2.833
140805.000			28.331			-2.833
140904.000			28.331			-2.833
141004.000			28.329			-2.833
141105.000			28.329			-2.833
141203.000			28.329			-2.833
141304.000			28.328			-2.833
141405.000			28.327			-2.833
141504.000			28.329			-2.833
141604.000			28.328			-2.833
141705.000			28.327			-2.833
141804.000			28.327			-2.833
141904.000			28.326			-2.833
142005.000			28.324			-2.832
142103.000			28.323			-2.832
142204.000			28.324			-2.832
142305.000			28.325			-2.832
142404.000			28.324			-2.832
142504.000			28.323			-2.832
142605.000			28.322			-2.832
142704.000			28.322			-2.832
142804.000			28.321			-2.832
142905.000			28.321			-2.832
143003.000			28.321			-2.832
143104.000			28.320			-2.832
143205.000			28.319			-2.832
143304.000			28.318			-2.832
143405.000			28.318			-2.832
143504.000			28.318			-2.832
143604.000			28.317			-2.832
143704.000			28.316			-2.832
143804.000			28.316			-2.832
143903.000			28.317			-2.832
144005.000			28.315			-2.832
144104.000			28.315			-2.831
144204.000			28.314			-2.831
144305.000			28.315			-2.831
144404.000			28.313			-2.831
144504.000			28.312			-2.831
144604.000			28.312			-2.831
144704.000			28.313			-2.831
144803.000			28.312			-2.831
144905.000			28.311			-2.831
145004.000			28.311			-2.831
145104.000			28.311			-2.831
145205.000			28.311			-2.831
145304.000			28.311			-2.831
145404.000			28.309			-2.831
145504.000			28.309			-2.831
145604.000			28.308			-2.831
145704.000			28.308			-2.831
145805.000			28.308			-2.831
145904.000			28.308			-2.831
146004.000			28.307			-2.831
146105.000			28.307			-2.831
146204.000			28.305			-2.831
146304.000			28.304			-2.830
146403.000			28.304			-2.830
146504.000			28.304			-2.830
146605.000			28.304			-2.830
146704.000			28.303			-2.830
146804.000			28.303			-2.830
146905.000			28.304			-2.830
147004.000			28.302			-2.830
147104.000			28.302			-2.830
147205.000			28.302			-2.830
147303.000			28.301			-2.830
147404.000			28.300			-2.830
147505.000			28.300			-2.830
147604.000			28.299			-2.830
147704.000			28.300			-2.830
147805.000			28.299			-2.830
147904.000			28.299			-2.830
148004.000			28.298			-2.830
148105.000			28.297			-2.830
148203.000			28.297			-2.830
148304.000			28.297			-2.830
148404.000			28.296			-2.830
148504.000			28.296			-2.830
148604.000			28.295			-2.830
148705.000			28.294			-2.829
148804.000			28.294			-2.829
148904.000			28.294			-2.829
149005.000			28.292			-2.829
149103.000			28.293			-2.829
149204.000			28.292			-2.829
149304.000			28.292			-2.829
149404.000			28.292			-2.829
149504.000			28.292			-2.829
149604.000			28.291			-2.829
149704.000			28.290			-2.829
149805.000			28.290			-2.829
149904.000			28.289			-2.829
150004.000			28.288			-2.829
150105.000			28.288			-2.829
150203.000			28.288			-2.829
150304.000			28.288			-2.829
150405.000			28.287			-2.829
150504.000			28.286			-2.829
150604.000			28.285			-2.829
150705.000			28.286			-2.829
150804.000			28.285			-2.829
150904.000			28.284			-2.828
151005.000			28.284			-2.828
151103.000			28.284			-2.828
151204.000			28.284			-2.828
151305.000			28.283			-2.828
151404.000			28.282			-2.828
151504.000			28.283			-2.828
151605.000			28.282			-2.828
151704.000			28.281			-2.828
151804.000			28.281			-2.828
151905.000			28.280			-2.828
152003.000			28.281			-2.828
152104.000			28.280			-2.828
152205.000			28.280			-2.828
152304.000			28.279			-2.828
152404.000			28.279			-2.828
152505.000			28.279			-2.828
152604.000			28.278			-2.828
152704.000			28.277			-2.828
152805.000			28.276			-2.828
152903.000			28.276			-2.828
153005.000			28.276			-2.828
153103.000			28.276			-2.828
153204.000			28.275			-2.828
153305.000			28.274			-2.827
153404.000			28.274			-2.827
153504.000			28.274			-2.827
153605.000			28.274			-2.827
153704.000			28.274			-2.827
153803.000			28.273			-2.827
153905.000			28.272			-2.827
154003.000			28.272			-2.827
154104.000			28.272			-2.827
154205.000			28.271			-2.827
154304.000			28.270			-2.827
154404.000			28.270			-2.827
154505.000			28.270			-2.827
154604.000			28.269			-2.827
154704.000			28.268			-2.827
154805.000			28.269			-2.827
154903.000			28.267			-2.827
155004.000			28.267			-2.827
155105.000			28.267			-2.827
155204.000			28.266			-2.827
155304.000			28.266			-2.827
155405.000			28.266			-2.827
155504.000			28.266			-2.827
155604.000			28.265			-2.827
155705.000			28.264			-2.826
155803.000			28.263			-2.826
155904.000			28.263			-2.826
156005.000			28.262			-2.826
156104.000			28.263			-2.826
156205.000			28.263			-2.826
156304.000			28.262			-2.826
156404.000			28.261			-2.826
156505.000			28.262			-2.826
156604.000			28.262			-2.826
156703.000			28.261			-2.826
156805.000			28.261			-2.826
156904.000			28.260			-2.826
157004.000			28.260			-2.826
157105.000			28.260			-2.826
157204.000			28.258			-2.826
157304.000			28.257			-2.826
157405.000			28.257			-2.826
157504.000			28.257			-2.826
157603.000			28.257			-2.826
157705.000			28.256			-2.826
157804.000			28.255			-2.826
157904.000			28.255			-2.825
158005.000			28.254			-2.825
158104.000			28.255			-2.825
158204.000			28.254			-2.825
158305.000			28.254			-2.825
158404.000			28.254			-2.825
158503.000			28.253			-2.825
158605.000			28.252			-2.825
158704.000			28.252			-2.825
158804.000			28.251			-2.825
158905.000			28.252			-2.825
159004.000			28.250			-2.825
159104.000			28.250			-2.825
159204.000			28.250			-2.825
159304.000			28.250			-2.825
159403.000			28.249			-2.825
159504.000			28.250			-2.825
159603.000			28.249			-2.825
159705.000			28.248			-2.825
159804.000			28.248			-2.825
159904.000			28.247			-2.825
160005.000			28.247			-2.825
160104.000			28.247			-2.825
160204.000			28.247			-2.825
160305.000			28.245			-2.825
160404.000			28.245			-2.824
160503.000			28.244			-2.824
160605.000			28.244			-2.824
160704.000			28.244			-2.824
160804.000			28.244			-2.824
160905.000			28.243			-2.824
161004.000			28.243			-2.824
161104.000			28.242			-2.824
161204.000			28.242			-2.824
161304.000			28.243			-2.824
161403.000			28.242			-2.824
161505.000			28.241			-2.824
161604.000			28.240			-2.824
161704.000			28.241			-2.824
161805.000			28.240			-2.824
161904.000			28.239			-2.824
162004.000			28.240			-2.824
162104.000			28.239			-2.824
162204.000			28.237			-2.824
162303.000			28.238			-2.824
162405.000			28.238			-2.824
162504.000			28.238			-2.824
162605.000			28.237			-2.824
162704.000			28.237			-2.824
162804.000			28.236			-2.824
162905.000			28.236			-2.824
163003.000			28.236			-2.824
163104.000			28.235			-2.823
163204.000			28.234			-2.823
163304.000			28.234			-2.823
163404.000			28.234			-2.823
163505.000			28.233			-2.823
163604.000			28.233			-2.823
163704.000			28.233			-2.823
163805.000			28.232			-2.823
163903.000			28.231			-2.823
164004.000			28.230			-2.823
164105.000			28.230			-2.823
164204.000			28.230			-2.823
164304.000			28.230			-2.823
164405.000			28.228			-2.823
164504.000			28.230			-2.823
164604.000			28.228			-2.823
164705.000			28.228			-2.823
164803.000			28.228			-2.823
164904.000			28.227			-2.823
165004.000			28.227			-2.823
165104.000			28.227			-2.823
165204.000			28.226			-2.823
165305.000			28.225			-2.823
165404.000			28.225			-2.823
165504.000			28.225			-2.822
165605.000			28.226			-2.823
165703.000			28.225			-2.823
165805.000			28.226			-2.823
165903.000			28.224			-2.822
166004.000			28.223			-2.822
166105.000			28.222			-2.822
166204.000			28.221			-2.822
166304.000			28.222			-2.822
166405.000			28.221			-2.822
166504.000			28.221			-2.822
166603.000			28.221			-2.822
166705.000			28.221			-2.822
166803.000			28.220			-2.822
166904.000			28.220			-2.822
167005.000			28.219			-2.822
167104.000			28.219			-2.822
167204.000			28.218			-2.822
167305.000			28.218			-2.822
167404.000			28.218			-2.822
167503.000			28.218			-2.822
167605.000			28.217			-2.822
167703.000			28.216			-2.822
167804.000			28.216			-2.822
167905.000			28.216			-2.822
168004.000			28.216			-2.822
168104.000			28.215			-2.822
168205.000			28.215			-2.822
168304.000			28.215			-2.822
168403.000			28.214			-2.821
168505.000			28.214			-2.821
168603.000			28.213			-2.821
168704.000			28.213			-2.821
168805.000			28.212			-2.821
168904.000			28.211			-2.821
169005.000			28.211			-2.821
169104.000			28.211			-2.821
169204.000			28.210			-2.821
169304.000			28.210			-2.821
169404.000			28.211			-2.821
169503.000			28.209			-2.821
169605.000			28.209			-2.821
169704.000			28.209			-2.821
169804.000			28.209			-2.821
169905.000			28.208			-2.821
170004.000			28.208			-2.821
170104.000			28.208			-2.821
170204.000			28.207			-2.821
170304.000			28.207			-2.821
170403.000			28.205			-2.821
170505.000			28.204			-2.820
170604.000			28.205			-2.821
170704.000			28.206			-2.821
170805.000			28.205			-2.820
170904.000			28.204			-2.820
171004.000			28.204			-2.820
171104.000			28.203			-2.820
171204.000			28.203			-2.820
171304.000			28.203			-2.820
171405.000			28.203			-2.820
171504.000			28.202			-2.820
171604.000			28.201			-2.820
171705.000			28.201			-2.820
171804.000			28.202			-2.820
171904.000			28.202			-2.820
172003.000			28.200			-2.820
172104.000			28.199			-2.820
172205.000			28.199			-2.820
172304.000			28.198			-2.820
172404.000			28.199			-2.820
172505.000			28.198			-2.820
172604.000			28.197			-2.820
172704.000			28.198			-2.820
172805.000			28.197			-2.820
172903.000			28.196			-2.820
173004.000			28.196			-2.820
173105.000			28.196			-2.820
173204.000			28.195			-2.820
173304.000			28.195			-2.820
173405.000			28.195			-2.819
173504.000			28.194			-2.819
173604.000			28.193			-2.819
173705.000			28.194			-2.819
173803.000			28.192			-2.819
173904.000			28.192			-2.819
174005.000			28.192			-2.819
174104.000			28.192			-2.819
174204.000			28.192			-2.819
174305.000			28.191			-2.819
174404.000			28.190			-2.819
174504.000			28.190			-2.819
174605.000			28.191			-2.819
174703.000			28.191			-2.819
174804.000			28.189			-2.819
174904.000			28.189			-2.819
175004.000			28.189			-2.819
175104.000			28.188			-2.819
175204.000			28.188			-2.819
175304.000			28.188			-2.819
175405.000			28.187			-2.819
175504.000			28.186			-2.819
175604.000			28.186			-2.819
175705.000			28.185			-2.819
175803.000			28.186			-2.819
175904.000			28.186			-2.819
176005.000			28.184			-2.818
176104.000			28.184			-2.818
176204.000			28.185			-2.818
176305.000			28.184			-2.818
176404.000			28.184			-2.818
176504.000			28.184			-2.818
176605.000			28.183			-2.818
176703.000			28.183			-2.818
176804.000			28.183			-2.818
176905.000			28.182			-2.818
177004.000			28.182			-2.818
177104.000			28.181			-2.818
177205.000			28.181			-2.818
177304.000			28.182			-2.818
177404.000			28.180			-2.818
177505.000			28.178			-2.818
177603.000			28.179			-2.818
177704.000			28.179			-2.818
177804.000			28.179			-2.818
177904.000			28.178			-2.818
178004.000			28.177			-2.818
178105.000			28.177			-2.818
178204.000			28.177			-2.818
178304.000			28.177			-2.818
178405.000			28.176			-2.818
178504.000			28.176			-2.818
178605.000			28.176			-2.818
178703.000			28.176			-2.818
178804.000			28.176			-2.818
178904.000			28.174			-2.817
179004.000			28.174			-2.817
179104.000			28.174			-2.817
179205.000			28.174			-2.817
179304.000			28.173			-2.817
179404.000			28.173			-2.817
179505.000			28.173			-2.817
179603.000			28.172			-2.817
179704.000			28.172			-2.817
179804.000			28.171			-2.817
179904.000			28.171			-2.817
180004.000			28.170			-2.817
180105.000			28.169			-2.817
180204.000			28.169			-2.817
180304.000			28.168			-2.817
180405.000			28.169			-2.817
180503.000			28.168			-2.817
180604.000			28.170			-2.817
180704.000			28.169			-2.817
180804.000			28.168			-2.817
180904.000			28.168			-2.817
181005.000			28.167			-2.817
181104.000			28.166			-2.817
181204.000			28.165			-2.817
181305.000			28.165			-2.817
181403.000			28.165			-2.817
181504.000			28.164			-2.816
181603.000			28.165			-2.816
181704.000			28.164			-2.816
181805.000			28.163			-2.816
181904.000			28.163			-2.816
182004.000			28.163			-2.816
182105.000			28.164			-2.816
182204.000			28.163			-2.816
182303.000			28.162			-2.816
182405.000			28.162			-2.816
182503.000			28.162			-2.816
182604.000			28.162			-2.816
182705.000			28.160			-2.816
182804.000			28.159			-2.816
182904.000			28.160			-2.816
183005.000			28.161			-2.816
183104.000			28.160			-2.816
183203.000			28.158			-2.816
183305.000			28.158			-2.816
183404.000			28.157			-2.816
183504.000			28.157			-2.816
183605.000			28.158			-2.816
183704.000			28.157			-2.816
183804.000			28.157			-2.816
183905.000			28.156			-2.816
184004.000			28.155			-2.816
184103.000			28.154			-2.815
184205.000			28.155			-2.815
184303.000			28.155			-2.815
184404.000			28.155			-2.815
184505.000			28.155			-2.815
184604.000			28.154			-2.815
184704.000			28.153			-2.815
184804.000			28.152			-2.815
184904.000			28.153			-2.815
185003.000			28.152			-2.815
185104.000			28.152			-2.815
185203.000			28.152			-2.815
185305.000			28.152			-2.815
185404.000			28.151			-2.815
185504.000			28.150			-2.815
185605.000			28.150			-2.815
185704.000			28.150			-2.815
185804.000			28.150			-2.815
185904.000			28.149			-2.815
186004.000			28.149			-2.815
186103.000			28.148			-2.815
186205.000			28.148			-2.815
186304.000			28.147			-2.815
186404.000			28.147			-2.815
186505.000			28.147			-2.815
186604.000			28.148			-2.815
186704.000			28.147			-2.815
186805.000			28.145			-2.815
186904.000			28.146			-2.815
187003.000			28.145			-2.815
187105.000			28.145			-2.815
187204.000			28.144			-2.814
187304.000			28.144			-2.814
187405.000			28.145			-2.814
187504.000			28.144			-2.814
187604.000			28.143			-2.814
187705.000			28.143			-2.814
187804.000			28.143			-2.814
187903.000			28.143			-2.814
188005.000			28.142			-2.814
188104.000			28.141			-2.814
188205.000			28.141			-2.814
188304.000			28.141			-2.814
188404.000			28.140			-2.814
188505.000			28.140			-2.814
188604.000			28.140			-2.814
188704.000			28.139			-2.814
188804.000			28.139			-2.814
188904.000			28.139			-2.814
189003.000			28.139			-2.814
189105.000			28.138			-2.814
189204.000			28.137			-2.814
189304.000			28.136			-2.814
189405.000			28.136			-2.814
189504.000			28.136			-2.814
189604.000			28.136			-2.814
189704.000			28.135			-2.814
189804.000			28.134			-2.813
189903.000			28.134			-2.813
190005.000			28.134			-2.813
190104.000			28.134			-2.813
190204.000			28.133			-2.813
190305.000			28.133			-2.813
190404.000			28.132			-2.813
190504.000			28.133			-2.813
190604.000			28.132			-2.813
190704.000			28.132			-2.813
190803.000			28.132			-2.813
190905.000			28.131			-2.813
191004.000			28.131			-2.813
191104.000			28.131			-2.813
191205.000			28.131			-2.813
191304.000			28.129			-2.813
191405.000			28.129			-2.813
191503.000			28.129			-2.813
191604.000			28.129			-2.813
191704.000			28.128			-2.813
191804.000			28.128			-2.813
191904.000			28.129			-2.813
192005.000			28.127			-2.813
192104.000			28.127			-2.813
192204.000			28.127			-2.813
192305.000			28.127			-2.813
192403.000			28.127			-2.813
192504.000			28.126			-2.813
192604.000			28.125			-2.813
192704.000			28.125			-2.813
192804.000			28.125			-2.812
192905.000			28.124			-2.812
193004.000			28.124			-2.812
193104.000			28.124			-2.812
193205.000			28.123			-2.812
193303.000			28.122			-2.812
193404.000			28.122			-2.812
193505.000			28.122			-2.812
193604.000			28.121			-2.812
193704.000			28.122			-2.812
193805.000			28.122			-2.812
193904.000			28.121			-2.812
194004.000			28.121			-2.812
194105.000			28.121			-2.812
194203.000			28.119			-2.812
194304.000			28.119			-2.812
194405.000			28.119			-2.812
194504.000			28.118			-2.812
194605.000			28.118			-2.812
194704.000			28.118			-2.812
194804.000			28.119			-2.812
194905.000			28.117			-2.812
195004.000			28.117			-2.812
195103.000			28.116			-2.812
195205.000			28.116			-2.812
195304.000			28.115			-2.811
195404.000			28.114			-2.811
195505.000			28.115			-2.811
195604.000			28.115			-2.811
195704.000			28.114			-2.811
195805.000			28.115			-2.812
195904.000			28.114			-2.811
196003.000			28.114			-2.811
196105.000			28.113			-2.811
196204.000			28.113			-2.811
196304.000			28.113			-2.811
196405.000			28.111			-2.811
196504.000			28.112			-2.811
196604.000			28.112			-2.811
196705.000			28.111			-2.811
196804.000			28.111			-2.811
196903.000			28.111			-2.811
197005.000			28.111			-2.811
197104.000			28.110			-2.811
197204.000			28.110			-2.811
197305.000			28.110			-2.811
197404.000			28.109			-2.811
197504.000			28.108			-2.811
197604.000			28.108			-2.811
197704.000			28.107			-2.811
197803.000			28.108			-2.811
197904.000			28.108			-2.811
198003.000			28.108			-2.811
198105.000			28.107			-2.811
198204.000			28.106			-2.811
198304.000			28.105			-2.811
198405.000			28.105			-2.811
198504.000			28.105			-2.810
198604.000			28.106			-2.811
198704.000			28.104			-2.810
198804.000			28.104			-2.810
198903.000			28.104			-2.810
199005.000			28.104			-2.810
199104.000			28.103			-2.810
199204.000			28.103			-2.810
199305.000			28.103			-2.810
199404.000			28.103			-2.810
199504.000			28.102			-2.810
199604.000			28.102			-2.810
199704.000			28.102			-2.810
199803.000			28.101			-2.810
199905.000			28.101			-2.810
200004.000			28.100			-2.810
200104.000			28.101			-2.810
200205.000			28.100			-2.810
200304.000			28.099			-2.810
200404.000			28.099			-2.810
200504.000			28.099			-2.810
200604.000			28.099			-2.810
200703.000			28.098			-2.810
200805.000			28.096			-2.810
200904.000			28.095			-2.810
201005.000			28.096			-2.810
201104.000			28.096			-2.810
201204.000			28.096			-2.810
201305.000			28.096			-2.810
201403.000			28.096			-2.810
201504.000			28.095			-2.810
201605.000			28.095			-2.810
201704.000			28.096			-2.810
201804.000			28.095			-2.809
201905.000			28.095			-2.809
202004.000			28.094			-2.809
202104.000			28.093			-2.809
202205.000			28.093			-2.809
202303.000			28.092			-2.809
202404.000			28.092			-2.809
202505.000			28.092			-2.809
202604.000			28.091			-2.809
202704.000			28.091			-2.809
202805.000			28.091			-2.809
202904.000			28.090			-2.809
203004.000			28.090			-2.809
203105.000			28.090			-2.809
203203.000			28.090			-2.809
203304.000			28.089			-2.809
203405.000			28.090			-2.809
203504.000			28.090			-2.809
203604.000			28.089			-2.809
203705.000			28.088			-2.809
203804.000			28.088			-2.809
203904.000			28.088			-2.809
204005.000			28.088			-2.809
204103.000			28.087			-2.809
204205.000			28.086			-2.809
204304.000			28.087			-2.809
204404.000			28.086			-2.809
204505.000			28.086			-2.809
204604.000			28.085			-2.809
204704.000			28.084			-2.808
204805.000			28.085			-2.808
204904.000			28.084			-2.808
205003.000			28.083			-2.808
205105.000			28.083			-2.808
205204.000			28.082			-2.808
205304.000			28.083			-2.808
205405.000			28.083			-2.808
205504.000			28.082			-2.808
205604.000			28.081			-2.808
205705.000			28.082			-2.808
205804.000			28.081			-2.808
205903.000			28.081			-2.808
206005.000			28.080			-2.808
206104.000			28.080			-2.808
206204.000			28.081			-2.808
206305.000			28.080			-2.808
206404.000			28.079			-2.808
206504.000			28.078			-2.808
206605.000			28.079			-2.808
206704.000			28.079			-2.808
206803.000			28.080			-2.808
206905.000			28.079			-2.808
207004.000			28.078			-2.808
207104.000			28.076			-2.808
207205.000			28.076			-2.808
207304.000			28.076			-2.808
207405.000			28.076			-2.808
207504.000			28.076			-2.808
207604.000			28.076			-2.808
207704.000			28.075			-2.808
207804.000			28.075			-2.807
207904.000			28.074			-2.807
208005.000			28.074			-2.807
208104.000			28.073			-2.807
208204.000			28.073			-2.807
208305.000			28.073			-2.807
208404.000			28.073			-2.807
208504.000			28.072			-2.807
208604.000			28.071			-2.807
208704.000			28.071			-2.807
208804.000			28.071			-2.807
208905.000			28.071			-2.807
209004.000			28.071			-2.807
209104.000			28.070			-2.807
209205.000			28.071			-2.807
209304.000			28.070			-2.807
209404.000			28.070			-2.807
209504.000			28.069			-2.807
209604.000			28.069			-2.807
209704.000			28.068			-2.807
209805.000			28.068			-2.807
209904.000			28.067			-2.807
210004.000			28.068			-2.807
210105.000			28.069			-2.807
210204.000			28.067			-2.807
210304.000			28.066			-2.807
210403.000			28.066			-2.807
210504.000			28.065			-2.806
210605.000			28.065			-2.806
210704.000			28.066			-2.807
210804.000			28.065			-2.806
210905.000			28.065			-2.807
211004.000			28.064			-2.806
211103.000			28.064			-2.806
211205.000			28.064			-2.806
211303.000			28.064			-2.806
211404.000			28.064			-2.806
211505.000			28.065			-2.806
211604.000			28.063			-2.806
211704.000			28.063			-2.806
211805.000			28.063			-2.806
211904.000			28.062			-2.806
212003.000			28.062			-2.806
212105.000			28.062			-2.806
212204.000			28.062			-2.806
212304.000			28.061			-2.806
212405.000			28.060			-2.806
212504.000			28.059			-2.806
212604.000			28.060			-2.806
212705.000			28.060			-2.806
212804.000			28.059			-2.806
212903.000			28.059			-2.806
213005.000			28.058			-2.806
213104.000			28.057			-2.806
213204.000			28.057			-2.806
213305.000			28.057			-2.806
213404.000			28.057			-2.806
213504.000			28.057			-2.806
213604.000			28.056			-2.806
213704.000			28.056			-2.806
213803.000			28.057			-2.806
213904.000			28.056			-2.806
214004.000			28.056			-2.806
214105.000			28.056			-2.806
214204.000			28.055			-2.806
214304.000			28.055			-2.805
214405.000			28.054			-2.805
214503.000			28.053			-2.805
214604.000			28.053			-2.805
214704.000			28.053			-2.805
214804.000			28.052			-2.805
214904.000			28.053			-2.805
215005.000			28.053			-2.805
215104.000			28.052			-2.805
215204.000			28.051			-2.805
215305.000			28.051			-2.805
215403.000			28.051			-2.805
215504.000			28.050			-2.805
215605.000			28.050			-2.805
215704.000			28.050			-2.805
215804.000			28.051			-2.805
215905.000			28.050			-2.805
216004.000			28.048			-2.805
216104.000			28.049			-2.805
216205.000			28.049			-2.805
216303.000			28.048			-2.805
216404.000			28.047			-2.805
216505.000			28.047			-2.805
216604.000			28.047			-2.805
216704.000			28.047			-2.805
216804.000			28.047			-2.805
216904.000			28.047			-2.805
217005.000			28.047			-2.805
217104.000			28.046			-2.805
217203.000			28.046			-2.805
217305.000			28.045			-2.804
217404.000			28.045			-2.804
217504.000			28.044			-2.804
217605.000			28.044			-2.804
217704.000			28.044			-2.804
217804.000			28.044			-2.804
217905.000			28.043			-2.804
218004.000			28.042			-2.804
218103.000			28.043			-2.804
218205.000			28.043			-2.804
218304.000			28.042			-2.804
218404.000			28.041			-2.804
218505.000			28.041			-2.804
218604.000			28.041			-2.804
218704.000			28.041			-2.804
218805.000			28.041			-2.804
218904.000			28.041			-2.804
219003.000			28.040			-2.804
219105.000			28.040			-2.804
219204.000			28.040			-2.804
219304.000			28.039			-2.804
219405.000			28.039			-2.804
219504.000			28.038			-2.804
219604.000			28.038			-2.804
219705.000			28.038			-2.804
219804.000			28.038			-2.804
219903.000			28.037			-2.804
220005.000			28.036			-2.804
220104.000			28.036			-2.804
220205.000			28.036			-2.804
220304.000			28.035			-2.804
220404.000			28.036			-2.804
220505.000			28.035			-2.804
220604.000			28.034			-2.803
220704.000			28.034			-2.803
220804.000			28.034			-2.803
220904.000			28.034			-2.803
221004.000			28.034			-2.803
221105.000			28.034			-2.803
221204.000			28.031			-2.803
221304.000			28.032			-2.803
221405.000			28.032			-2.803
221503.000			28.032			-2.803
221604.000			28.032			-2.803
221705.000			28.032			-2.803
221804.000			28.031			-2.803
221904.000			28.030			-2.803
222005.000			28.031			-2.803
222104.000			28.030			-2.803
222204.000			28.029			-2.803
222305.000			28.029			-2.803
222403.000			28.029			-2.803
222504.000			28.029			-2.803
222605.000			28.029			-2.803
222704.000			28.029			-2.803
222804.000			28.029			-2.803
222905.000			28.027			-2.803
223004.000			28.027			-2.803
223104.000			28.027			-2.803
223205.000			28.027			-2.803
223303.000			28.026			-2.803
223405.000			28.026			-2.803
223504.000			28.026			-2.803
223604.000			28.026			-2.803
223705.000			28.025			-2.802
223804.000			28.025			-2.802
223904.000			28.024			-2.802
224004.000			28.024			-2.802
224104.000			28.024			-2.802
224203.000			28.024			-2.802
224305.000			28.023			-2.802
224404.000			28.023			-2.802
224504.000			28.022			-2.802
224605.000			28.022			-2.802
224704.000			28.022			-2.802
224804.000			28.022			-2.802
224904.000			28.021			-2.802
225004.000			28.020			-2.802
225104.000			28.021			-2.802
225205.000			28.021			-2.802
225304.000			28.021			-2.802
225404.000			28.021			-2.802
225505.000			28.018			-2.802
225604.000			28.019			-2.802
225704.000			28.019			-2.802
225804.000			28.018			-2.802
225904.000			28.018			-2.802
226004.000			28.019			-2.802
226105.000			28.018			-2.802
226204.000			28.018			-2.802
226304.000			28.018			-2.802
226405.000			28.018			-2.802
226503.000			28.018			-2.802
226605.000			28.018			-2.802
226703.000			28.017			-2.802
226804.000			28.017			-2.802
226905.000			28.016			-2.802
227004.000			28.016			-2.802
227104.000			28.016			-2.802
227205.000			28.016			-2.802
227304.000			28.015			-2.802
227403.000			28.014			-2.801
227505.000			28.014			-2.801
227604.000			28.014			-2.801
227704.000			28.013			-2.801
227805.000			28.014			-2.801
227904.000			28.012			-2.801
228004.000			28.012			-2.801
228105.000			28.013			-2.801
228204.000			28.013			-2.801
228303.000			28.012			-2.801
228405.000			28.011			-2.801
228504.000			28.012			-2.801
228604.000			28.011			-2.801
228705.000			28.010			-2.801
228804.000			28.011			-2.801
228904.000			28.010			-2.801
229004.000			28.009			-2.801
229104.000			28.010			-2.801
229203.000			28.010			-2.801
229305.000			28.009			-2.801
229404.000			28.008			-2.801
229504.000			28.007			-2.801
229605.000			28.008			-2.801
229704.000			28.008			-2.801
229805.000			28.008			-2.801
229903.000			28.008			-2.801
230004.000			28.007			-2.801
230104.000			28.006			-2.801
230204.000			28.006			-2.801
230304.000			28.006			-2.801
230405.000			28.006			-2.801
230504.000			28.005			-2.801
230604.000			28.005			-2.801
230705.000			28.005			-2.801
230803.000			28.004			-2.800
230904.000			28.004			-2.800
231005.000			28.004			-2.800
231104.000			28.004			-2.800
231204.000			28.004			-2.800
231305.000			28.002			-2.800
231404.000			28.002			-2.800
231503.000			28.003			-2.800
231605.000			28.002			-2.800
231703.000			28.002			-2.800
231804.000			28.003			-2.800
231905.000			28.002			-2.800
232004.000			28.001			-2.800
232104.000			28.000			-2.800
232205.000			28.000			-2.800
232304.000			27.999			-2.800
232403.000			27.999			-2.800
232505.000			28.000			-2.800
232603.000			27.999			-2.800
232704.000			28.000			-2.800
232805.000			27.999			-2.800
232904.000			27.998			-2.800
233005.000			27.999			-2.800
233104.000			27.999			-2.800
233204.000			27.998			-2.800
233304.000			27.997			-2.800
233404.000			27.996			-2.800
233503.000			27.997			-2.800
233605.000			27.996			-2.800
233704.000			27.996			-2.800
233804.000			27.996			-2.800
233905.000			27.996			-2.800
234004.000			27.996			-2.800
234104.000			27.995			-2.800
234205.000			27.995			-2.800
234304.000			27.995			-2.800
234403.000			27.995			-2.799
234505.000			27.994			-2.799
234603.000			27.994			-2.799
234704.000			27.994			-2.799
234805.000			27.993			-2.799
234904.000			27.992			-2.799
235004.000			27.992			-2.799
235105.000			27.992			-2.799
235204.000			27.992			-2.799
235304.000			27.992			-2.799
235405.000			27.992			-2.799
235503.000			27.991			-2.799
235604.000			27.992			-2.799
235705.000			27.990			-2.799
235804.000			27.990			-2.799
235904.000			27.990			-2.799
236004.000			27.989			-2.799
236104.000			27.989			-2.799
236205.000			27.988			-2.799
236304.000			27.988			-2.799
236403.000			27.989			-2.799
236505.000			27.988			-2.799
236603.000			27.988			-2.799
236704.000			27.988			-2.799
236805.000			27.987			-2.799
236904.000			27.987			-2.799
237004.000			27.986			-2.799
237105.000			27.985			-2.799
237204.000			27.986			-2.799
237304.000			27.986			-2.799
237405.000			27.985			-2.799
237503.000			27.984			-2.798
237604.000			27.985			-2.799
237704.000			27.986			-2.799
237804.000			27.984			-2.798
237904.000			27.984			-2.798
238005.000			27.984			-2.798
238104.000			27.984			-2.798
238204.000			27.984			-2.798
238305.000			27.984			-2.798
238404.000			27.983			-2.798
238504.000			27.983			-2.798
238604.000			27.983			-2.798
238704.000			27.982			-2.798
238804.000			27.982			-2.798
238905.000			27.982			-2.798
239004.000			27.981			-2.798
239104.000			27.981			-2.798
239205.000			27.980			-2.798
239304.000			27.979			-2.798
239405.000			27.979			-2.798
239503.000			27.978			-2.798
239604.000			27.978			-2.798
239704.000			27.978			-2.798
239804.000			27.978			-2.798
239904.000			27.979			-2.798
240005.000			27.979			-2.798
240104.000			27.979			-2.798
240204.000			27.978			-2.798
240305.000			27.978			-2.798
240404.000			27.978			-2.798
240504.000			27.978			-2.798
240604.000			27.977			-2.798
240704.000			27.976			-2.798
240804.000			27.976			-2.798
240905.000			27.975			-2.798
241004.000			27.975			-2.797
241104.000			27.975			-2.797
241205.000			27.974			-2.797
241304.000			27.974			-2.797
241404.000			27.974			-2.797
241504.000			27.973			-2.797
241604.000			27.973			-2.797
241703.000			27.974			-2.797
241805.000			27.973			-2.797
241904.000			27.973			-2.797
242004.000			27.973			-2.797
242105.000			27.972			-2.797
242204.000			27.971			-2.797
242304.000			27.972			-2.797
242403.000			27.972			-2.797
242504.000			27.971			-2.797
242603.000			27.972			-2.797
242704.000			27.971			-2.797
242804.000			27.970			-2.797
242905.000			27.969			-2.797
243004.000			27.970			-2.797
243104.000			27.970			-2.797
243205.000			27.970			-2.797
243304.000			27.970			-2.797
243404.000			27.970			-2.797
243504.000			27.970			-2.797
243604.000			27.970			-2.797
243704.000			27.969			-2.797
243805.000			27.967			-2.797
243904.000			27.967			-2.797
244004.000			27.967			-2.797
244105.000			27.967			-2.797
244204.000			27.967			-2.797
244304.000			27.967			-2.797
244404.000			27.966			-2.797
244504.000			27.964			-2.796
244603.000			27.964			-2.796
244705.000			27.965			-2.797
244804.000			27.965			-2.797
244904.000			27.965			-2.796
245005.000			27.965			-2.796
245104.000			27.964			-2.796
245204.000			27.964			-2.796
245304.000			27.963			-2.796
245404.000			27.963			-2.796
245503.000			27.964			-2.796
245605.000			27.964			-2.796
245704.000			27.963			-2.796
245805.000			27.962			-2.796
245904.000			27.962			-2.796
246004.000			27.961			-2.796
246105.000			27.962			-2.796
246204.000			27.961			-2.796
246304.000			27.961			-2.796
246404.000			27.960			-2.796
246504.000			27.960			-2.796
246604.000			27.960			-2.796
246705.000			27.959			-2.796
246804.000			27.960			-2.796
246904.000			27.959			-2.796
247005.000			27.958			-2.796
247104.000			27.959			-2.796
247204.000			27.959			-2.796
247304.000			27.959			-2.796
247404.000			27.958			-2.796
247503.000			27.958			-2.796
247605.000			27.957			-2.796
247704.000			27.957			-2.796
247804.000			27.958			-2.796
247905.000			27.957			-2.796
248004.000			27.956			-2.796
248104.000			27.955			-2.796
248205.000			27.955			-2.796
248304.000			27.955			-2.795
248403.000			27.954			-2.795
248505.000			27.954			-2.795
248604.000			27.954			-2.795
248704.000			27.954			-2.795
248805.000			27.953			-2.795
248904.000			27.952			-2.795
249005.000			27.953			-2.795
249104.000			27.954			-2.795
249204.000			27.953			-2.795
249305.000			27.953			-2.795
249404.000			27.952			-2.795
249503.000			27.952			-2.795
249605.000			27.951			-2.795
249704.000			27.951			-2.795
249804.000			27.951			-2.795
249905.000			27.951			-2.795
250004.000			27.951			-2.795
250104.000			27.951			-2.795
250205.000			27.950			-2.795
250304.000			27.949			-2.795
250403.000			27.950			-2.795
250505.000			27.950			-2.795
250604.000			27.950			-2.795
250704.000			27.949			-2.795
250805.000			27.949			-2.795
250904.000			27.948			-2.795
251004.000			27.949			-2.795
251105.000			27.948			-2.795
251204.000			27.947			-2.795
251303.000			27.948			-2.795
251405.000			27.947			-2.795
251504.000			27.946			-2.795
251604.000			27.945			-2.794
251705.000			27.945			-2.795
251804.000			27.946			-2.795
251904.000			27.945			-2.794
252004.000			27.944			-2.794
252104.000			27.945			-2.795
252203.000			27.947			-2.795
252304.000			27.945			-2.795
252403.000			27.944			-2.794
252505.000			27.944			-2.794
252604.000			27.943			-2.794
252704.000			27.944			-2.794
252805.000			27.943			-2.794
252904.000			27.943			-2.794
253004.000			27.942			-2.794
253104.000			27.942			-2.794
253204.000			27.941			-2.794
253303.000			27.941			-2.794
253405.000			27.940			-2.794
253504.000			27.941			-2.794
253604.000			27.941			-2.794
253705.000			27.941			-2.794
253804.000			27.941			-2.794
253904.000			27.941			-2.794
254004.000			27.941			-2.794
254104.000			27.940			-2.794
254203.000			27.940			-2.794
254305.000			27.940			-2.794
254404.000			27.939			-2.794
254504.000			27.938			-2.794
254605.000			27.938			-2.794
254704.000			27.938			-2.794
254804.000			27.938			-2.794
254905.000			27.937			-2.794
255004.000			27.938			-2.794
255103.000			27.938			-2.794
255205.000			27.937			-2.794
255304.000			27.936			-2.794
255405.000			27.935			-2.794
255504.000			27.936			-2.794
255604.000			27.936			-2.794
255705.000			27.935			-2.794
255804.000			27.935			-2.793
255904.000			27.935			-2.794
256004.000			27.935			-2.793
256104.000			27.935			-2.793
256204.000			27.934			-2.793
256305.000			27.933			-2.793
256404.000			27.933			-2.793
256504.000			27.933			-2.793
256605.000			27.933			-2.793
256704.000			27.933			-2.793
256804.000			27.932			-2.793
256904.000			27.931			-2.793
257004.000			27.931			-2.793
257103.000			27.932			-2.793
257205.000			27.930			-2.793
257304.000			27.931			-2.793
257404.000			27.931			-2.793
257505.000			27.930			-2.793
257604.000			27.930			-2.793
257704.000			27.929			-2.793
257804.000			27.929			-2.793
257904.000			27.929			-2.793
258003.000			27.930			-2.793
258105.000			27.929			-2.793
258204.000			27.928			-2.793
258304.000			27.928			-2.793
258405.000			27.928			-2.793
258504.000			27.928			-2.793
258605.000			27.927			-2.793
258704.000			27.927			-2.793
258804.000			27.928			-2.793
258904.000			27.927			-2.793
259004.000			27.926			-2.793
259104.000			27.926			-2.793
259205.000			27.926			-2.793
259304.000			27.927			-2.793
259404.000			27.926			-2.793
259505.000			27.925			-2.792
259604.000			27.925			-2.793
259704.000			27.925			-2.792
259805.000			27.924			-2.792
259904.000			27.924			-2.792
260003.000			27.924			-2.792
260105.000			27.924			-2.792
260204.000			27.923			-2.792
260304.000			27.922			-2.792
260405.000			27.922			-2.792
260504.000			27.923			-2.792
260604.000			27.923			-2.792
260705.000			27.923			-2.792
260804.000			27.922			-2.792
260903.000			27.922			-2.792
261005.000			27.922			-2.792
261103.000			27.921			-2.792
261204.000			27.921			-2.792
261305.000			27.920			-2.792
261404.000			27.920			-2.792
261504.000			27.920			-2.792
261604.000			27.920			-2.792
261704.000			27.920			-2.792
261805.000			27.918			-2.792
261904.000			27.919			-2.792
262003.000			27.919			-2.792
262105.000			27.918			-2.792
262204.000			27.918			-2.792
262304.000			27.918			-2.792
262405.000			27.918			-2.792
262504.000			27.919			-2.792
262604.000			27.918			-2.792
262705.000			27.917			-2.792
262804.000			27.916			-2.792
262903.000			27.917			-2.792
263005.000			27.916			-2.792
263104.000			27.916			-2.792
263204.000			27.915			-2.791
263305.000			27.916			-2.792
263404.000			27.915			-2.792
263504.000			27.915			-2.792
263605.000			27.915			-2.791
263704.000			27.914			-2.791
263803.000			27.914			-2.791
263905.000			27.914			-2.791
264004.000			27.913			-2.791
264104.000			27.913			-2.791
264205.000			27.913			-2.791
264304.000			27.912			-2.791
264404.000			27.912			-2.791
264505.000			27.912			-2.791
264604.000			27.913			-2.791
264703.000			27.912			-2.791
264805.000			27.911			-2.791
264904.000			27.911			-2.791
265005.000			27.912			-2.791
265104.000			27.911			-2.791
265204.000			27.911			-2.791
265305.000			27.911			-2.791
265404.000			27.910			-2.791
265504.000			27.909			-2.791
265604.000			27.910			-2.791
265704.000			27.910			-2.791
265803.000			27.909			-2.791
265905.000			27.909			-2.791
266004.000			27.908			-2.791
266104.000			27.908			-2.791
266205.000			27.906			-2.791
266304.000			27.908			-2.791
266404.000			27.908			-2.791
266504.000			27.908			-2.791
266604.000			27.908			-2.791
266703.000			27.908			-2.791
266805.000			27.906			-2.791
266904.000			27.906			-2.791
267004.000			27.906			-2.791
267105.000			27.906			-2.791
267204.000			27.905			-2.790
267304.000			27.904			-2.790
267405.000			27.904			-2.790
267504.000			27.905			-2.791
267603.000			27.904			-2.790
267705.000			27.904			-2.790
267804.000			27.904			-2.790
267904.000			27.904			-2.790
268005.000			27.904			-2.790
268104.000			27.903			-2.790
268205.000			27.902			-2.790
268304.000			27.902			-2.790
268404.000			27.902			-2.790
268504.000			27.903			-2.790
268604.000			27.903			-2.790
268704.000			27.902			-2.790
268805.000			27.902			-2.790
268904.000			27.902			-2.790
269004.000			27.901			-2.790
269105.000			27.901			-2.790
269204.000			27.901			-2.790
269304.000			27.901			-2.790
269404.000			27.901			-2.790
269504.000			27.900			-2.790
269604.000			27.900			-2.790
269705.000			27.899			-2.790
269804.000			27.899			-2.790
269904.000			27.899			-2.790
270005.000			27.898			-2.790
270104.000			27.898			-2.790
270204.000			27.898			-2.790
270304.000			27.898			-2.790
270404.000			27.897			-2.790
270503.000			27.896			-2.790
270605.000			27.895			-2.790
270704.000			27.896			-2.790
270804.000			27.897			-2.790
270905.000			27.897			-2.790
271004.000			27.896			-2.790
271104.000			27.896			-2.790
271204.000			27.896			-2.790
271304.000			27.895			-2.789
271403.000			27.894			-2.789
271504.000			27.894			-2.789
271604.000			27.895			-2.789
271705.000			27.894			-2.789
271804.000			27.894			-2.789
271904.000			27.894			-2.789
272005.000			27.893			-2.789
272104.000			27.893			-2.789
272204.000			27.892			-2.789
272304.000			27.893			-2.789
272404.000			27.893			-2.789
272503.000			27.892			-2.789
272605.000			27.892			-2.789
272704.000			27.892			-2.789
272804.000			27.892			-2.789
272905.000			27.891			-2.789
273004.000			27.891			-2.789
273104.000			27.891			-2.789
273204.000			27.891			-2.789
273304.000			27.891			-2.789
273403.000			27.889			-2.789
273505.000			27.890			-2.789
273604.000			27.889			-2.789
273704.000			27.888			-2.789
273805.000			27.888			-2.789
273904.000			27.889			-2.789
274004.000			27.889			-2.789
274105.000			27.889			-2.789
274204.000			27.888			-2.789
274303.000			27.887			-2.789
274405.000			27.887			-2.789
274503.000			27.887			-2.789
274605.000			27.887			-2.789
274704.000			27.887			-2.789
274804.000			27.886			-2.789
274905.000			27.886			-2.789
275004.000			27.886			-2.789
275104.000			27.886			-2.789
275205.000			27.886			-2.789
275304.000			27.885			-2.788
275403.000			27.885			-2.789
275505.000			27.885			-2.789
275604.000			27.884			-2.788
275704.000			27.884			-2.788
275805.000			27.884			-2.788
275904.000			27.884			-2.788
276004.000			27.884			-2.788
276105.000			27.884			-2.788
276204.000			27.883			-2.788
276303.000			27.883			-2.788
276405.000			27.883			-2.788
276503.000			27.882			-2.788
276604.000			27.882			-2.788
276705.000			27.882			-2.788
276804.000			27.881			-2.788
276904.000			27.881			-2.788
277005.000			27.881			-2.788
277104.000			27.880			-2.788
277204.000			27.881			-2.788
277305.000			27.879			-2.788
277403.000			27.879			-2.788
277504.000			27.880			-2.788
277603.000			27.880			-2.788
277704.000			27.879			-2.788
277805.000			27.878			-2.788
277904.000			27.879			-2.788
278004.000			27.879			-2.788
278105.000			27.878			-2.788
278204.000			27.878			-2.788
278304.000			27.879			-2.788
278405.000			27.878			-2.788
278503.000			27.878			-2.788
278604.000			27.877			-2.788
278704.000			27.876			-2.788
278804.000			27.877			-2.788
278904.000			27.877			-2.788
279005.000			27.877			-2.788
279104.000			27.877			-2.788
279204.000			27.876			-2.788
279305.000			27.875			-2.787
279404.000			27.874			-2.787
279504.000			27.874			-2.787
279604.000			27.874			-2.787
279704.000			27.875			-2.788
279803.000			27.876			-2.788
279905.000			27.875			-2.787
280004.000			27.874			-2.787
280104.000			27.873			-2.787
280205.000			27.872			-2.787
280304.000			27.871			-2.787
280404.000			27.872			-2.787
280505.000			27.873			-2.787
280604.000			27.873			-2.787
280703.000			27.872			-2.787
280805.000			27.872			-2.787
280904.000			27.872			-2.787
281005.000			27.872			-2.787
281104.000			27.871			-2.787
281204.000			27.871			-2.787
281305.000			27.871			-2.787
281404.000			27.870			-2.787
281504.000			27.871			-2.787
281604.000			27.870			-2.787
281704.000			27.869			-2.787
281804.000			27.869			-2.787
281905.000			27.870			-2.787
282004.000			27.869			-2.787
282104.000			27.869			-2.787
282205.000			27.868			-2.787
282304.000			27.868			-2.787
282404.000			27.868			-2.787
282504.000			27.867			-2.787
282604.000			27.867			-2.787
282704.000			27.867			-2.787
282805.000			27.868			-2.787
282904.000			27.866			-2.787
283004.000			27.866			-2.787
283105.000			27.865			-2.786
283204.000			27.865			-2.787
283304.000			27.866			-2.787
283404.000			27.865			-2.786
283504.000			27.864			-2.786
283603.000			27.865			-2.786
283705.000			27.865			-2.786
283804.000			27.864			-2.786
283904.000			27.865			-2.786
284005.000			27.864			-2.786
284104.000			27.863			-2.786
284205.000			27.864			-2.786
284304.000			27.864			-2.786
284404.000			27.864			-2.786
284504.000			27.864			-2.786
284604.000			27.863			-2.786
284704.000			27.863			-2.786
284805.000			27.863			-2.786
284904.000			27.863			-2.786
285004.000			27.863			-2.786
285105.000			27.862			-2.786
285204.000			27.862			-2.786
285304.000			27.861			-2.786
285404.000			27.861			-2.786
285504.000			27.862			-2.786
285603.000			27.861			-2.786
285705.000			27.860			-2.786
285804.000			27.861			-2.786
285904.000			27.861			-2.786
286005.000			27.860			-2.786
286104.000			27.861			-2.786
286204.000			27.862			-2.786
286304.000			27.860			-2.786
286404.000			27.860			-2.786
286503.000			27.858			-2.786
286605.000			27.859			-2.786
286704.000			27.859			-2.786
286804.000			27.858			-2.786
286905.000			27.858			-2.786
287004.000			27.858			-2.786
287104.000			27.858			-2.786
287204.000			27.857			-2.786
287304.000			27.858			-2.786
287403.000			27.858			-2.786
287504.000			27.856			-2.786
287603.000			27.856			-2.786
287705.000			27.857			-2.786
287804.000			27.857			-2.786
287904.000			27.856			-2.786
288005.000			27.855			-2.785
288104.000			27.856			-2.786
288204.000			27.856			-2.786
288305.000			27.855			-2.785
288404.000			27.854			-2.785
288503.000			27.855			-2.785
288605.000			27.855			-2.786
288704.000			27.854			-2.785
288804.000			27.853			-2.785
288905.000			27.853			-2.785
289004.000			27.854			-2.785
289104.000			27.854			-2.785
289205.000			27.853			-2.785
289304.000			27.852			-2.785
289404.000			27.852			-2.785
289505.000			27.852			-2.785
289603.000			27.852			-2.785
289704.000			27.851			-2.785
289805.000			27.851			-2.785
289904.000			27.851			-2.785
290004.000			27.851			-2.785
290105.000			27.852			-2.785
290204.000			27.850			-2.785
290304.000			27.850			-2.785
290405.000			27.850			-2.785
290503.000			27.850			-2.785
290605.000			27.850			-2.785
290704.000			27.849			-2.785
290804.000			27.849			-2.785
290905.000			27.850			-2.785
291004.000			27.849			-2.785
291104.000			27.848			-2.785
291205.000			27.848			-2.785
291304.000			27.847			-2.785
291403.000			27.848			-2.785
291505.000			27.848			-2.785
291604.000			27.847			-2.785
291704.000			27.847			-2.785
291805.000			27.846			-2.785
291904.000			27.847			-2.785
292004.000			27.847			-2.785
292105.000			27.847			-2.785
292204.000			27.845			-2.785
292303.000			27.846			-2.785
292405.000			27.846			-2.785
292503.000			27.845			-2.784
292604.000			27.845			-2.784
292705.000			27.846			-2.785
292804.000			27.846			-2.785
292904.000			27.845			-2.785
293005.000			27.845			-2.785
293104.000			27.845			-2.784
293204.000			27.844			-2.784
293305.000			27.843			-2.784
293403.000			27.844			-2.784
293504.000			27.844			-2.784
293605.000			27.843			-2.784
293704.000			27.842			-2.784
293805.000			27.842			-2.784
293904.000			27.843			-2.784
294004.000			27.842			-2.784
294105.000			27.841			-2.784
294204.000			27.840			-2.784
294303.000			27.840			-2.784
294405.000			27.841			-2.784
294503.000			27.840			-2.784
294604.000			27.840			-2.784
294705.000			27.839			-2.784
294804.000			27.839			-2.784
294904.000			27.840			-2.784
295005.000			27.840			-2.784
295104.000			27.839			-2.784
295204.000			27.839			-2.784
295305.000			27.839			-2.784
295403.000			27.838			-2.784
295504.000			27.838			-2.784
295605.000			27.838			-2.784
295704.000			27.838			-2.784
295804.000			27.838			-2.784
295905.000			27.837			-2.784
296004.000			27.837			-2.784
296104.000			27.836			-2.784
296205.000			27.835			-2.784
296303.000			27.835			-2.784
296404.000			27.835			-2.784
296504.000			27.835			-2.783
296604.000			27.836			-2.784
296704.000			27.835			-2.784
296804.000			27.836			-2.784
296904.000			27.836			-2.784
297005.000			27.835			-2.784
297104.000			27.834			-2.783
297204.000			27.834			-2.783
297305.000			27.834			-2.783
297403.000			27.834			-2.783
297504.000			27.836			-2.784
297605.000			27.834			-2.783
297704.000			27.834			-2.783
297804.000			27.833			-2.783
297905.000			27.832			-2.783
298004.000			27.832			-2.783
298104.000			27.833			-2.783
298205.000			27.832			-2.783
298303.000			27.832			-2.783
298404.000			27.833			-2.783
298504.000			27.833			-2.783
298604.000			27.832			-2.783
298704.000			27.830			-2.783
298805.000			27.830			-2.783
298904.000			27.830			-2.783
299004.000			27.830			-2.783
299105.000			27.829			-2.783
299204.000			27.830			-2.783
299304.000			27.830			-2.783
299404.000			27.829			-2.783
299504.000			27.828			-2.783
299604.000			27.830			-2.783
299705.000			27.829			-2.783
299804.000			27.829			-2.783
299904.000			27.829			-2.783
