# t_start 			 pos 			 t_rise 			 pos 			 t_fall			 pos			 t_end			 pos
25.00000			0.25000			193.00000			0.25000			1475.00000			0.25000			1647.00000			0.25000
1655.00000			-0.25000			1829.00000			-0.25000			3111.00000			-0.25000			3283.00000			-0.25000
4339.00000			0.50000			4569.00000			0.50000			5850.00000			0.50000			6071.00000			0.50000
6078.00000			-0.50000			6308.00000			-0.50000			7589.00000			-0.50000			7816.00000			-0.50000
8874.00000			0.75000			9151.00000			0.75000			10432.00000			0.75000			10709.00000			0.75000
10716.00000			-0.75000			10993.00000			-0.75000			12275.00000			-0.75000			12551.00000			-0.75000
13609.00000			1.00000			13910.00000			1.00000			15192.00000			1.00000			15498.00000			1.00000
15506.00000			-1.00000			15808.00000			-1.00000			17089.00000			-1.00000			17389.00000			-1.00000
18447.00000			1.25000			18779.00000			1.25000			20061.00000			1.25000			20398.00000			1.25000
20406.00000			-1.25000			20738.00000			-1.25000			22020.00000			-1.25000			22351.00000			-1.25000
23407.00000			1.50000			23777.00000			1.50000			25058.00000			1.50000			25432.00000			1.50000
25439.00000			-1.50000			25809.00000			-1.50000			27090.00000			-1.50000			27463.00000			-1.50000
28521.00000			1.75000			28902.00000			1.75000			30183.00000			1.75000			30575.00000			1.75000
30583.00000			-1.75000			30964.00000			-1.75000			32246.00000			-1.75000			32644.00000			-1.75000
33701.00000			2.00000			34118.00000			2.00000			35400.00000			2.00000			35810.00000			2.00000
35818.00000			-2.00000			36236.00000			-2.00000			37517.00000			-2.00000			37934.00000			-2.00000
38991.00000			2.25000			39421.00000			2.25000			40703.00000			2.25000			41149.00000			2.25000
41156.00000			-2.25000			41586.00000			-2.25000			42868.00000			-2.25000			43309.00000			-2.25000
44367.00000			2.50000			44833.00000			2.50000			46115.00000			2.50000			46573.00000			2.50000
46580.00000			-2.50000			47047.00000			-2.50000			48329.00000			-2.50000			48794.00000			-2.50000
49851.00000			2.75000			50318.00000			2.75000			51600.00000			2.75000			52071.00000			2.75000
52078.00000			-2.75000			52545.00000			-2.75000			53826.00000			-2.75000			54316.00000			-2.75000
55374.00000			3.00000			55870.00000			3.00000			57152.00000			3.00000			57653.00000			3.00000
57661.00000			-3.00000			58158.00000			-3.00000			59440.00000			-3.00000			59948.00000			-3.00000
61005.00000			3.25000			61526.00000			3.25000			62808.00000			3.25000			63322.00000			3.25000
63329.00000			-3.25000			63850.00000			-3.25000			65132.00000			-3.25000			65658.00000			-3.25000
66715.00000			3.50000			67255.00000			3.50000			68537.00000			3.50000			69081.00000			3.50000
69089.00000			-3.50000			69629.00000			-3.50000			70910.00000			-3.50000			71454.00000			-3.50000
72511.00000			3.75000			73063.00000			3.75000			74345.00000			3.75000			74914.00000			3.75000
74922.00000			-3.75000			75474.00000			-3.75000			76755.00000			-3.75000			77312.00000			-3.75000
78369.00000			4.00000			78939.00000			4.00000			80221.00000			4.00000			80795.00000			4.00000
80803.00000			-4.00000			81373.00000			-4.00000			82655.00000			-4.00000			83229.00000			-4.00000
84287.00000			4.25000			84875.00000			4.25000			86157.00000			4.25000			86756.00000			4.25000
86763.00000			-4.25000			87352.00000			-4.25000			88634.00000			-4.25000			89227.00000			-4.25000
90284.00000			4.50000			90879.00000			4.50000			92161.00000			4.50000			92778.00000			4.50000
92785.00000			-4.50000			93380.00000			-4.50000			94661.00000			-4.50000			95279.00000			-4.50000
96337.00000			4.75000			96949.00000			4.75000			98231.00000			4.75000			98855.00000			4.75000
98862.00000			-4.75000			99475.00000			-4.75000			100757.00000			-4.75000			101369.00000			-4.75000
102425.00000			5.00000			103050.00000			5.00000			104332.00000			5.00000			104962.00000			5.00000
104969.00000			-5.00000			105595.00000			-5.00000			106877.00000			-5.00000			107512.00000			-5.00000
108569.00000			5.25000			109212.00000			5.25000			110494.00000			5.25000			111154.00000			5.25000
111162.00000			-5.25000			111805.00000			-5.25000			113087.00000			-5.25000			113735.00000			-5.25000
114792.00000			5.50000			115441.00000			5.50000			116723.00000			5.50000			117378.00000			5.50000
117385.00000			-5.50000			118034.00000			-5.50000			119316.00000			-5.50000			119977.00000			-5.50000
121033.00000			5.75000			121713.00000			5.75000			122995.00000			5.75000			123692.00000			5.75000
123700.00000			-5.75000			124380.00000			-5.75000			125661.00000			-5.75000			126346.00000			-5.75000
127403.00000			6.00000			128083.00000			6.00000			129365.00000			6.00000			130050.00000			6.00000
130057.00000			-6.00000			130737.00000			-6.00000			132019.00000			-6.00000			132709.00000			-6.00000
133767.00000			6.25000			134470.00000			6.25000			135752.00000			6.25000			136473.00000			6.25000
136482.00000			-6.25000			137186.00000			-6.25000			138467.00000			-6.25000			139171.00000			-6.25000
140227.00000			6.50000			140950.00000			6.50000			142232.00000			6.50000			142966.00000			6.50000
142973.00000			-6.50000			143696.00000			-6.50000			144978.00000			-6.50000			145686.00000			-6.50000
146743.00000			6.75000			147472.00000			6.75000			148754.00000			6.75000			149500.00000			6.75000
149507.00000			-6.75000			150236.00000			-6.75000			151518.00000			-6.75000			152251.00000			-6.75000
153308.00000			7.00000			154043.00000			7.00000			155324.00000			7.00000			156070.00000			7.00000
156078.00000			-7.00000			156813.00000			-7.00000			158094.00000			-7.00000			158846.00000			-7.00000
159903.00000			7.25000			160675.00000			7.25000			161957.00000			7.25000			162714.00000			7.25000
162722.00000			-7.25000			163493.00000			-7.25000			164775.00000			-7.25000			165526.00000			-7.25000
166584.00000			7.50000			167361.00000			7.50000			168643.00000			7.50000			169401.00000			7.50000
169408.00000			-7.50000			170185.00000			-7.50000			171468.00000			-7.50000			172231.00000			-7.50000
173288.00000			7.75000			174079.00000			7.75000			175360.00000			7.75000			176130.00000			7.75000
176138.00000			-7.75000			176927.00000			-7.75000			178210.00000			-7.75000			179003.00000			-7.75000
180061.00000			8.00000			180838.00000			8.00000			182120.00000			8.00000			182908.00000			8.00000
182916.00000			-8.00000			183687.00000			-8.00000			184969.00000			-8.00000			185757.00000			-8.00000
186814.00000			8.25000			187604.00000			8.25000			188886.00000			8.25000			189693.00000			8.25000
189700.00000			-8.25000			190489.00000			-8.25000			191771.00000			-8.25000			192566.00000			-8.25000
193623.00000			8.50000			194431.00000			8.50000			195713.00000			8.50000			196531.00000			8.50000
196539.00000			-8.50000			197347.00000			-8.50000			198629.00000			-8.50000			199447.00000			-8.50000
200505.00000			8.75000			201325.00000			8.75000			202606.00000			8.75000			203426.00000			8.75000
203433.00000			-8.75000			204253.00000			-8.75000			205535.00000			-8.75000			206372.00000			-8.75000
207429.00000			9.00000			208262.00000			9.00000			209543.00000			9.00000			210399.00000			9.00000
210406.00000			-9.00000			211239.00000			-9.00000			212521.00000			-9.00000			213376.00000			-9.00000
214433.00000			9.25000			215290.00000			9.25000			216572.00000			9.25000			217408.00000			9.25000
217416.00000			-9.25000			218273.00000			-9.25000			219555.00000			-9.25000			220422.00000			-9.25000
221480.00000			9.50000			222323.00000			9.50000			223606.00000			9.50000			224467.00000			9.50000
224475.00000			-9.50000			225320.00000			-9.50000			226601.00000			-9.50000			227456.00000			-9.50000
228514.00000			9.75000			229377.00000			9.75000			230658.00000			9.75000			231544.00000			9.75000
231552.00000			-9.75000			232414.00000			-9.75000			233696.00000			-9.75000			234563.00000			-9.75000
235621.00000			10.00000			236496.00000			10.00000			237778.00000			10.00000			238663.00000			10.00000
238672.00000			-10.00000			239546.00000			-10.00000			240828.00000			-10.00000			241714.00000			-10.00000
242771.00000			10.25000			243646.00000			10.25000			244928.00000			10.25000			245831.00000			10.25000
245840.00000			-10.25000			246714.00000			-10.25000			247996.00000			-10.25000			248882.00000			-10.25000
249940.00000			10.50000			250833.00000			10.50000			252115.00000			10.50000			253025.00000			10.50000
253032.00000			-10.50000			253925.00000			-10.50000			255207.00000			-10.50000			256118.00000			-10.50000
257174.00000			10.75000			258093.00000			10.75000			259374.00000			10.75000			260278.00000			10.75000
260286.00000			-10.75000			261204.00000			-10.75000			262486.00000			-10.75000			263407.00000			-10.75000
264465.00000			11.00000			265370.00000			11.00000			266652.00000			11.00000			267569.00000			11.00000
267576.00000			-11.00000			268488.00000			-11.00000			269769.00000			-11.00000			270692.00000			-11.00000
271751.00000			11.00000			272663.00000			11.00000			273944.00000			11.00000			274861.00000			11.00000
274869.00000			-11.00000			275780.00000			-11.00000			277062.00000			-11.00000			277984.00000			-11.00000
279042.00000			10.75000			279959.00000			10.75000			281241.00000			10.75000			282146.00000			10.75000
282153.00000			-10.75000			283070.00000			-10.75000			284352.00000			-10.75000			285281.00000			-10.75000
286338.00000			10.50000			287238.00000			10.50000			288519.00000			10.50000			289429.00000			10.50000
289437.00000			-10.50000			290330.00000			-10.50000			291612.00000			-10.50000			292523.00000			-10.50000
293580.00000			10.25000			294455.00000			10.25000			295736.00000			10.25000			296634.00000			10.25000
296642.00000			-10.25000			297517.00000			-10.25000			298799.00000			-10.25000			299685.00000			-10.25000
300742.00000			10.00000			301617.00000			10.00000			302899.00000			10.00000			303785.00000			10.00000
303792.00000			-10.00000			304667.00000			-10.00000			305948.00000			-10.00000			306834.00000			-10.00000
307892.00000			9.75000			308755.00000			9.75000			310036.00000			9.75000			310922.00000			9.75000
310930.00000			-9.75000			311792.00000			-9.75000			313074.00000			-9.75000			313942.00000			-9.75000
315000.00000			9.50000			315844.00000			9.50000			317125.00000			9.50000			317987.00000			9.50000
317995.00000			-9.50000			318840.00000			-9.50000			320121.00000			-9.50000			320977.00000			-9.50000
322033.00000			9.25000			322891.00000			9.25000			324173.00000			9.25000			325015.00000			9.25000
325022.00000			-9.25000			325880.00000			-9.25000			327162.00000			-9.25000			328029.00000			-9.25000
329086.00000			9.00000			329918.00000			9.00000			331200.00000			9.00000			332061.00000			9.00000
332070.00000			-9.00000			332901.00000			-9.00000			334183.00000			-9.00000			335038.00000			-9.00000
336096.00000			8.75000			336910.00000			8.75000			338192.00000			8.75000			339010.00000			8.75000
339019.00000			-8.75000			339839.00000			-8.75000			341120.00000			-8.75000			341957.00000			-8.75000
343014.00000			8.50000			343822.00000			8.50000			345104.00000			8.50000			345922.00000			8.50000
345931.00000			-8.50000			346738.00000			-8.50000			348020.00000			-8.50000			348839.00000			-8.50000
349896.00000			8.25000			350686.00000			8.25000			351967.00000			8.25000			352774.00000			8.25000
352782.00000			-8.25000			353572.00000			-8.25000			354853.00000			-8.25000			355653.00000			-8.25000
356711.00000			8.00000			357482.00000			8.00000			358764.00000			8.00000			359552.00000			8.00000
359560.00000			-8.00000			360331.00000			-8.00000			361613.00000			-8.00000			362401.00000			-8.00000
363458.00000			7.75000			364248.00000			7.75000			365530.00000			7.75000			366300.00000			7.75000
366307.00000			-7.75000			367097.00000			-7.75000			368379.00000			-7.75000			369173.00000			-7.75000
370230.00000			7.50000			371014.00000			7.50000			372295.00000			7.50000			373053.00000			7.50000
373061.00000			-7.50000			373839.00000			-7.50000			375121.00000			-7.50000			375884.00000			-7.50000
376941.00000			7.25000			377712.00000			7.25000			378994.00000			7.25000			379752.00000			7.25000
379760.00000			-7.25000			380531.00000			-7.25000			381814.00000			-7.25000			382564.00000			-7.25000
383622.00000			7.00000			384357.00000			7.00000			385638.00000			7.00000			386384.00000			7.00000
386392.00000			-7.00000			387126.00000			-7.00000			388408.00000			-7.00000			389160.00000			-7.00000
390217.00000			6.75000			390946.00000			6.75000			392228.00000			6.75000			392942.00000			6.75000
392951.00000			-6.75000			393672.00000			-6.75000			394955.00000			-6.75000			395688.00000			-6.75000
396745.00000			6.50000			397467.00000			6.50000			398749.00000			6.50000			399483.00000			6.50000
399491.00000			-6.50000			400213.00000			-6.50000			401495.00000			-6.50000			402203.00000			-6.50000
403261.00000			6.25000			403966.00000			6.25000			405247.00000			6.25000			405969.00000			6.25000
405976.00000			-6.25000			406680.00000			-6.25000			407962.00000			-6.25000			408665.00000			-6.25000
409722.00000			6.00000			410402.00000			6.00000			411684.00000			6.00000			412369.00000			6.00000
412376.00000			-6.00000			413056.00000			-6.00000			414338.00000			-6.00000			415028.00000			-6.00000
416086.00000			5.75000			416766.00000			5.75000			418047.00000			5.75000			418744.00000			5.75000
418751.00000			-5.75000			419431.00000			-5.75000			420713.00000			-5.75000			421397.00000			-5.75000
422455.00000			5.50000			423104.00000			5.50000			424386.00000			5.50000			425041.00000			5.50000
425048.00000			-5.50000			425697.00000			-5.50000			426979.00000			-5.50000			427640.00000			-5.50000
428696.00000			5.25000			429339.00000			5.25000			430621.00000			5.25000			431276.00000			5.25000
431283.00000			-5.25000			431927.00000			-5.25000			433208.00000			-5.25000			433856.00000			-5.25000
434914.00000			5.00000			435539.00000			5.00000			436821.00000			5.00000			437449.00000			5.00000
437458.00000			-5.00000			438082.00000			-5.00000			439364.00000			-5.00000			440000.00000			-5.00000
441057.00000			4.75000			441670.00000			4.75000			442952.00000			4.75000			443576.00000			4.75000
443583.00000			-4.75000			444197.00000			-4.75000			445478.00000			-4.75000			446095.00000			-4.75000
447153.00000			4.50000			447747.00000			4.50000			449029.00000			4.50000			449640.00000			4.50000
449648.00000			-4.50000			450242.00000			-4.50000			451524.00000			-4.50000			452136.00000			-4.50000
453192.00000			4.25000			453781.00000			4.25000			455063.00000			4.25000			455662.00000			4.25000
455670.00000			-4.25000			456258.00000			-4.25000			457540.00000			-4.25000			458133.00000			-4.25000
459190.00000			4.00000			459767.00000			4.00000			461049.00000			4.00000			461623.00000			4.00000
461631.00000			-4.00000			462201.00000			-4.00000			463483.00000			-4.00000			464057.00000			-4.00000
465115.00000			3.75000			465673.00000			3.75000			466954.00000			3.75000			467499.00000			3.75000
467506.00000			-3.75000			468058.00000			-3.75000			469340.00000			-3.75000			469896.00000			-3.75000
470954.00000			3.50000			471493.00000			3.50000			472775.00000			3.50000			473313.00000			3.50000
473321.00000			-3.50000			473861.00000			-3.50000			475143.00000			-3.50000			475687.00000			-3.50000
476744.00000			3.25000			477272.00000			3.25000			478553.00000			3.25000			479067.00000			3.25000
479075.00000			-3.25000			479602.00000			-3.25000			480883.00000			-3.25000			481410.00000			-3.25000
482468.00000			3.00000			482970.00000			3.00000			484252.00000			3.00000			484753.00000			3.00000
484761.00000			-3.00000			485258.00000			-3.00000			486540.00000			-3.00000			487048.00000			-3.00000
488105.00000			2.75000			488572.00000			2.75000			489854.00000			2.75000			490325.00000			2.75000
490332.00000			-2.75000			490799.00000			-2.75000			492080.00000			-2.75000			492569.00000			-2.75000
493627.00000			2.50000			494093.00000			2.50000			495375.00000			2.50000			495834.00000			2.50000
495842.00000			-2.50000			496308.00000			-2.50000			497590.00000			-2.50000			498055.00000			-2.50000
499113.00000			2.25000			499542.00000			2.25000			500824.00000			2.25000			501270.00000			2.25000
501278.00000			-2.25000			501709.00000			-2.25000			502990.00000			-2.25000			503431.00000			-2.25000
504488.00000			2.00000			504905.00000			2.00000			506188.00000			2.00000			506603.00000			2.00000
506611.00000			-2.00000			507029.00000			-2.00000			508310.00000			-2.00000			508727.00000			-2.00000
509784.00000			1.75000			510165.00000			1.75000			511447.00000			1.75000			511839.00000			1.75000
511846.00000			-1.75000			512227.00000			-1.75000			513509.00000			-1.75000			513901.00000			-1.75000
514958.00000			1.50000			515328.00000			1.50000			516609.00000			1.50000			516983.00000			1.50000
516990.00000			-1.50000			517359.00000			-1.50000			518640.00000			-1.50000			519014.00000			-1.50000
520072.00000			1.25000			520404.00000			1.25000			521686.00000			1.25000			522023.00000			1.25000
522030.00000			-1.25000			522363.00000			-1.25000			523645.00000			-1.25000			523988.00000			-1.25000
525044.00000			1.00000			525340.00000			1.00000			526622.00000			1.00000			526923.00000			1.00000
526930.00000			-1.00000			527226.00000			-1.00000			528508.00000			-1.00000			528808.00000			-1.00000
529865.00000			0.75000			530143.00000			0.75000			531424.00000			0.75000			531700.00000			0.75000
531708.00000			-0.75000			531985.00000			-0.75000			533267.00000			-0.75000			533543.00000			-0.75000
534600.00000			0.50000			534829.00000			0.50000			536111.00000			0.50000			536332.00000			0.50000
536339.00000			-0.50000			536568.00000			-0.50000			537850.00000			-0.50000			538077.00000			-0.50000
539135.00000			0.25000			539302.00000			0.25000			540584.00000			0.25000			540762.00000			0.25000
540770.00000			-0.25000			540943.00000			-0.25000			542225.00000			-0.25000			542397.00000			-0.25000
