0.00018
0.00015
0.00107
0.00044
0.00029
0.00040
0.00033
0.00139
0.00053
0.00096
0.00124
0.00059
0.00218
0.00189
0.00213
0.00150
0.00204
0.00197
0.00174
0.00152
0.00271
0.00251
0.00287
1.44746
5.77482
6.39131
6.31223
6.26521
6.23223
6.20647
6.18498
6.16659
6.14917
6.13424
6.11991
6.10820
6.09638
6.08753
6.08048
6.07206
6.06280
6.05448
6.04701
6.03927
6.03395
6.02807
6.02259
6.01778
6.01547
6.00906
6.00393
5.99819
5.99348
5.98866
5.98365
5.97992
5.97484
5.97109
5.96675
5.96259
5.96072
5.95732
5.95748
5.95296
5.95024
5.94705
5.94340
5.94014
5.93815
5.93392
5.93063
5.92819
5.92459
5.92270
5.91915
5.91693
5.91474
5.91252
5.91157
5.91696
5.91708
5.91495
5.91291
5.91028
5.90742
5.90516
5.90248
5.90120
5.89904
5.89485
5.89408
5.89157
5.88931
5.88672
5.88590
5.88272
5.88146
5.87998
5.87803
5.87629
5.87366
5.87149
5.87147
5.86936
5.86864
5.86650
5.86436
5.86275
5.86001
5.85914
5.85803
5.85617
5.85383
5.85180
5.85164
5.84998
5.84758
5.84657
5.84607
5.84504
5.84286
5.84152
5.83971
5.83708
5.83587
5.83570
5.83435
5.83303
5.83151
5.82962
5.82898
5.82753
5.82518
5.82468
5.82313
5.82225
5.82040
5.81988
5.81830
5.81723
5.81663
5.81370
5.81263
5.81255
5.81087
5.80981
5.80861
5.80598
5.80580
5.80368
5.80366
5.80204
5.80093
5.79931
5.79789
5.79685
5.79573
5.79535
5.79405
5.79293
5.79115
5.79120
5.78897
5.78896
5.78803
5.78663
5.78625
5.78502
5.78429
5.78378
5.78287
5.78150
5.78015
5.77912
5.77831
5.77827
5.77679
5.77571
5.77392
5.77394
5.77305
5.77259
5.77141
5.77038
5.76992
5.76938
5.76858
5.76797
5.76688
5.76552
5.76484
5.76447
5.76372
5.76344
5.76184
5.76163
5.76037
5.75932
5.75846
5.75836
5.75718
5.75645
5.75478
5.75492
5.75494
5.75219
5.75219
5.75079
5.75000
5.74763
5.74771
5.74697
5.74652
5.74601
5.74606
5.74477
5.74429
5.74398
5.74283
5.74226
5.74186
5.74117
5.73968
5.73918
5.73893
5.73828
5.73769
5.73784
5.73475
5.73537
5.73498
5.73390
5.73319
5.73273
5.73187
5.73247
5.73113
5.72964
5.72945
5.72820
5.72864
5.72702
5.72879
5.72782
5.72588
5.72509
5.72539
5.72457
5.72401
5.72287
5.72309
5.72168
5.71986
5.72119
5.72041
5.72106
5.71960
5.71887
5.71854
5.71724
5.71712
5.71560
5.71598
5.71611
5.71563
5.71526
5.71397
5.71418
5.71309
5.71263
5.71246
5.71189
5.71092
5.71007
5.70938
5.71009
5.70981
5.71025
5.70931
5.70840
5.70841
5.70735
5.70687
5.70617
5.70554
5.70520
5.70399
5.70472
5.70281
5.70218
5.70074
5.69996
5.69907
5.69930
5.69727
5.69722
5.69667
5.69623
5.69625
5.69568
5.69542
5.69451
5.69514
5.69468
5.69362
5.69365
5.69322
5.69238
5.69338
5.69199
5.69127
5.69099
5.69158
5.68962
5.68973
5.68707
5.68709
5.68830
5.68640
5.68636
5.68636
5.68657
5.68430
5.68454
5.68426
5.68376
5.68104
5.68111
5.68101
5.68008
5.68041
5.67934
5.67923
5.67964
5.67845
5.67734
5.67776
5.67712
5.67670
5.67622
5.67584
5.67471
5.67481
5.67502
5.67375
5.67199
5.67186
5.67079
5.67015
5.67072
5.66987
5.66833
5.66829
5.66851
5.66711
5.66642
5.66614
5.66640
5.66470
5.66479
5.66510
5.66332
5.66373
5.66472
5.66292
5.66307
5.66220
5.66159
5.66187
5.66151
5.66105
5.66051
5.66016
5.65906
5.65918
5.65931
5.65942
5.65859
5.65776
5.65752
5.65697
5.65670
5.65716
5.65586
5.65613
5.65687
5.65575
5.65545
5.65424
5.65413
5.65355
5.65328
5.65383
5.65374
5.65299
5.65375
5.65350
5.65249
5.65256
5.65310
5.65267
5.65238
5.65060
5.65073
5.65047
5.64981
5.64850
5.64839
5.64812
5.64793
5.64803
5.64782
5.64759
5.64710
5.64760
5.64651
5.64656
5.64531
5.64494
5.64533
5.64550
5.64505
5.64368
5.64406
5.64345
5.64378
5.64340
5.64347
5.64206
5.64168
5.64067
5.63991
5.63844
5.63824
5.63772
5.63747
5.63773
5.63835
5.63701
5.63592
5.63497
5.63529
5.63333
5.63479
5.63328
5.63434
5.63334
5.63452
5.63446
5.63424
5.63298
5.63304
5.63264
5.63128
5.63130
5.63006
5.62948
5.62966
5.62990
5.63016
5.63024
5.62904
5.62847
5.62635
5.62732
5.62707
5.62640
5.62736
5.62697
5.62626
5.62613
5.62567
5.62522
5.62498
5.62329
5.62363
5.62268
5.62119
5.62193
5.62166
5.62078
5.62198
5.62101
5.62140
5.62016
5.62020
5.62100
5.62004
5.61961
5.61955
5.61908
5.61827
5.61841
5.61854
5.61787
5.61818
5.61841
5.61794
5.61821
5.61814
5.61858
5.61705
5.61666
5.61676
5.61622
5.61660
5.61686
5.61540
5.61487
5.61538
5.61509
5.61544
5.61558
5.61445
5.61488
5.61308
5.61200
5.61237
5.61177
5.61022
5.61104
5.60985
5.60949
5.60880
5.60827
5.60836
5.60811
5.60784
5.60646
5.60723
5.60814
5.60705
5.60705
5.60800
5.60693
5.60696
5.60731
5.60676
5.60606
5.60560
5.60446
5.60476
5.60418
5.60361
5.60308
5.60246
5.60284
5.60280
5.60172
5.60217
5.60126
5.60064
5.60051
5.60001
5.60069
5.59961
5.59917
5.59833
5.59941
5.59904
5.59956
5.59984
5.60016
5.59915
5.59944
5.59979
5.59831
5.59897
5.59853
5.59806
5.59786
5.59809
5.59641
5.59743
5.59596
5.59620
5.59648
5.59479
5.59515
5.59581
5.59585
5.59552
5.59504
5.59626
5.59542
5.59490
5.59556
5.59530
5.59420
5.59432
5.59367
5.59365
5.59178
5.59169
5.59203
5.59065
5.59022
5.58963
5.58995
5.58978
5.59017
5.58898
5.58826
5.58876
5.58892
5.58817
5.58816
5.58707
5.58562
5.58602
5.58695
5.58669
5.58644
5.58645
5.58662
5.58482
5.58523
5.58505
5.58517
5.58567
5.58323
5.58400
5.58367
5.58420
5.58314
5.58391
5.58356
5.58399
5.58335
5.58135
5.58188
5.58171
5.58228
5.58085
5.58050
5.58135
5.58090
5.58070
5.58023
5.58053
5.58002
5.57999
5.57995
5.57960
5.57921
5.57790
5.57836
5.57857
5.57844
5.57682
5.57732
5.57705
5.57840
5.57791
5.57740
5.57640
5.57670
5.57595
5.57653
5.57604
5.57590
5.57388
5.57515
5.57443
5.57552
5.57418
5.57405
5.57447
5.57494
5.57495
5.57414
5.57502
5.57325
5.57287
5.57242
5.57348
5.57360
5.57355
5.57311
5.57203
5.57210
5.57257
5.57216
5.57372
5.57226
5.57165
5.57117
5.57241
5.57179
5.57033
5.56946
5.57051
5.56990
5.56989
5.56984
5.56958
5.56925
5.56962
5.56781
5.56799
5.56698
5.56742
5.56793
5.56759
5.56732
5.56695
5.56651
5.56649
5.56625
5.56590
5.56486
5.56557
5.56598
5.56516
5.56550
5.56600
5.56522
5.56603
5.56643
5.56647
5.56629
5.56487
5.56514
5.56413
5.56385
5.56427
5.56363
5.56343
5.56339
5.56289
5.56221
5.56284
5.56254
5.56264
5.56184
5.56076
5.56140
5.56057
5.56109
5.56056
5.56052
5.56028
5.56002
5.56088
5.55973
5.55923
5.55972
5.55936
5.56063
5.55966
5.55897
5.55909
5.55824
3.02915
-0.35857
-0.51611
-0.47546
-0.44966
-0.43048
-0.41521
-0.40316
-0.39195
-0.38344
-0.37558
-0.36743
-0.36042
-0.35442
-0.34980
-0.34432
-0.33980
-0.33613
-0.33304
-0.32883
-0.32467
-0.32059
-0.31737
-0.31345
-0.30970
-0.30676
-0.30425
-0.30260
-0.30204
-0.30008
-0.29753
-0.29473
-0.29157
-0.28898
-0.28797
-0.28419
-0.28318
-0.28210
-0.27950
-0.27860
-0.27707
-0.27482
-0.27204
-0.27059
-0.26742
-0.26614
-0.26565
-0.26433
-0.26329
-0.26149
-0.25951
-0.25945
-0.25833
-0.25701
-0.25529
-0.25333
-0.25200
-0.24985
-0.24975
-0.24711
-0.24537
-0.24524
-0.24226
-0.24233
-0.24021
-0.23941
-0.23853
-0.23731
-0.23594
-0.23522
-0.23468
-0.23324
-0.23141
-0.22934
-0.22856
-0.22772
-0.22598
-0.22553
-0.22374
-0.22240
-0.22251
-0.22085
-0.22051
-0.22001
-0.21899
-0.21846
-0.21794
-0.21828
-0.21665
-0.21709
-0.21658
-0.21500
-0.21513
-0.21389
-0.21265
-0.21209
-0.21091
-0.20962
-0.20784
-0.20939
-0.20841
-0.20815
-0.20695
-0.20608
-0.20524
-0.20466
-0.20411
-0.20447
-0.20191
-0.20240
-0.20166
-0.20119
-0.20133
-0.20031
-0.19949
-0.19927
-0.19806
-0.19800
-0.19806
-0.19782
-0.19699
-0.19568
-0.19495
-0.19317
-0.19422
-0.19355
-0.19226
-0.19263
-0.19127
-0.19135
-0.19044
-0.19067
-0.19056
-0.18929
-0.18923
-0.18768
-0.18699
-0.18740
-0.18575
-0.18638
-0.18523
-0.18559
-0.18520
-0.18435
-0.18346
-0.18324
-0.18242
-0.18188
-0.18300
-0.18120
-0.18104
-0.18027
-0.18032
-0.18031
-0.17908
-0.17804
-0.17881
-0.17897
-0.17904
-0.17900
-0.17793
-0.17733
-0.17672
-0.17582
-0.17514
-0.17378
-0.17407
-0.17347
-0.17224
-0.17294
-0.17167
-0.17272
-0.17278
-0.17251
-0.17179
-0.17186
-0.17258
-0.17138
-0.17046
-0.16950
-0.16901
-0.16826
-0.16793
-0.16783
-0.16616
-0.16689
-0.16705
-0.16609
-0.16645
-0.16630
-0.16645
-0.16761
-0.16673
-0.16644
-0.16614
-0.16599
-0.16542
-0.16463
-0.16462
-0.16456
-0.16372
-0.16389
-0.16392
-0.16347
-0.16300
-0.16246
-0.16213
-0.16090
-0.16074
-0.16131
-0.16079
-0.16028
-0.16073
-0.15964
-0.15970
-0.15857
-0.15941
-0.15822
-0.15806
-0.15727
-0.15664
-0.15657
-0.15578
-0.15611
-0.15651
-0.15533
-0.15482
-0.15439
-0.15492
-0.15441
-0.15403
-0.15417
-0.15297
-0.15275
-0.15333
-0.15338
-0.15250
-0.15279
-0.15291
-0.15219
-0.15186
-0.15154
-0.15166
-0.15004
-0.14953
-0.15022
-0.14978
-0.14932
-0.14821
-0.14828
-0.14843
-0.14845
-0.14854
-0.14850
-0.14750
-0.14803
-0.14759
-0.14726
-0.14750
-0.14647
-0.14742
-0.14711
-0.14611
-0.14665
-0.14588
-0.14524
-0.14557
-0.14480
-0.14525
-0.14506
-0.14507
-0.14467
-0.14501
-0.14349
-0.14272
-0.14421
-0.14361
-0.14239
-0.14265
-0.14325
-0.14188
-0.14194
-0.14296
-0.14169
-0.14172
-0.14172
-0.14072
-0.13996
-0.14035
-0.14052
-0.13974
-0.13905
-0.13971
-0.14037
-0.13963
-0.13986
-0.14054
-0.13923
-0.13958
-0.13908
-0.13899
-0.13924
-0.13916
-0.13734
-0.13794
-0.13799
-0.13735
-0.13714
-0.13720
-0.13687
-0.13658
-0.13582
-0.13587
-0.13540
-0.13558
-0.13516
-0.13507
-0.13485
-0.13454
-0.13468
-0.13444
-0.13398
-0.13385
-0.13418
-0.13473
-0.13327
-0.13388
-0.13370
-0.13273
-0.13388
-0.13282
-0.13230
-0.13272
-0.13197
-0.13303
-0.13184
-0.13139
-0.13136
-0.13079
-0.13088
-0.13052
-0.13094
-0.13009
-0.12926
-0.13057
-0.12953
-0.12950
-0.12894
-0.12908
-0.12831
-0.12827
-0.12806
-0.12776
-0.12881
-0.12827
-0.12892
-0.12758
-0.12766
-0.12760
-0.12741
-0.12690
-0.12670
-0.12614
-0.12550
-0.12538
-0.12513
-0.12440
-0.12509
-0.12512
-0.12516
-0.12454
-0.12421
-0.12344
-0.12333
-0.12282
-0.12284
-0.12368
-0.12276
-0.12203
-0.12168
-0.12209
-0.12163
-0.12140
-0.12236
-0.12275
-0.12159
-0.12160
-0.12217
-0.12206
-0.12154
-0.12205
-0.12226
-0.12086
-0.12067
-0.12143
-0.12135
-0.11949
-0.12047
-0.11960
-0.11997
-0.11899
-0.12039
-0.11971
-0.11997
-0.11950
-0.11936
-0.11938
-0.11873
-0.11926
-0.11971
-0.11903
-0.11962
-0.11879
-0.11906
-0.11804
-0.11772
-0.11889
-0.11800
-0.11804
-0.11794
-0.11757
-0.11744
-0.11643
-0.11681
-0.11605
-0.11646
-0.11616
-0.11742
-0.11662
-0.11551
-0.11644
-0.11638
-0.11548
-0.11450
-0.11501
-0.11355
-0.11286
-0.11493
-0.11386
-0.11321
-0.11295
-0.11193
-0.11182
-0.11160
-0.11201
-0.11110
-0.11151
-0.11253
-0.11345
-0.11298
-0.11295
-0.11155
-0.11179
-0.11207
-0.11230
-0.11230
-0.11192
-0.11239
-0.11306
-0.11382
-0.11360
-0.11355
-0.11422
-0.11510
-0.11432
-0.11418
-0.11393
-0.11386
-0.11351
-0.11341
-0.11419
-0.11386
-0.11299
-0.11230
-0.11293
-0.11236
-0.11295
-0.11208
-0.11126
-0.11131
-0.11265
-0.11149
-0.11154
-0.11178
-0.11098
-0.11171
-0.11059
-0.11098
-0.11056
-0.11053
-0.11092
-0.11108
-0.11125
-0.11132
-0.11101
-0.11039
-0.10957
-0.10985
-0.11062
-0.10978
-0.10923
-0.10868
-0.10740
-0.10704
-0.10596
-0.10669
-0.10735
-0.10752
-0.10690
-0.10691
-0.10701
-0.10618
-0.10642
-0.10649
-0.10706
-0.10606
-0.10585
-0.10458
-0.10560
-0.10655
-0.10572
-0.10592
-0.10535
-0.10607
-0.10552
-0.10552
-0.10595
-0.10657
-0.10589
-0.10608
-0.10665
-0.10693
-0.10665
-0.10614
-0.10480
-0.10451
-0.10482
-0.10489
-0.10444
-0.10366
-0.10343
-0.10479
-0.10474
-0.10260
-0.10307
-0.10329
-0.10274
-0.10322
-0.10322
-0.10290
-0.10121
-0.10200
-0.10172
-0.10227
-0.10223
-0.10113
-0.10119
-0.10230
-0.10262
-0.10192
-0.10188
-0.10201
-0.10190
-0.10234
-0.10214
-0.10268
-0.10209
-0.10218
-0.10208
-0.10132
-0.10167
-0.10100
-0.10091
-0.10082
-0.10065
-0.10033
-0.10036
-0.09939
-0.09963
-0.09951
-0.10046
-0.10103
-0.10087
-0.10008
-0.09960
-0.10024
-0.10060
-0.10033
-0.09964
-0.09995
-0.09911
-0.09985
-0.09990
-0.09979
-0.09897
-0.09947
-0.09925
-0.09904
-0.09947
-0.09896
-0.09916
-0.09927
-0.09841
-0.09897
-0.09959
-0.09881
-0.09923
-0.09906
-0.09945
-0.09899
-0.09847
-0.09872
-0.09825
-0.09855
-0.09827
-0.09825
-0.09840
-0.09771
-0.09761
-0.09849
-0.09819
-0.09703
-0.09758
-0.09677
-0.09634
-0.09761
-0.09727
-0.09721
-0.09779
-0.09732
-0.09592
-0.09627
-0.09628
-0.09675
-0.09632
-0.09740
-0.09568
-0.09500
-0.09558
-0.09629
-0.09612
-0.09606
-0.09515
-0.09589
-0.09498
-0.09549
-0.09601
-0.09525
-0.09531
-0.09470
-0.09525
-0.09538
-0.09466
-0.09455
-0.09549
-0.09515
-0.09531
-0.09419
-0.09471
-0.09415
-0.09390
-0.09390
-0.09470
-0.09384
-0.09396
-0.09375
-0.09334
-0.09243
-0.09347
-0.09352
-0.09264
-0.09295
-0.09207
-0.09241
-0.09190
-0.09161
-0.09188
-0.09161
-0.09202
-0.09135
-0.09109
-0.09206
-0.09198
-0.09025
-0.09081
-0.09056
-0.09041
-0.09099
-0.08997
-0.09048
-0.08983
-0.08959
-0.09009
-0.09016
-0.08942
-0.08966
-0.08943
-0.09030
-0.09069
-0.08863
-0.08857
-0.08969
-0.08942
-0.08942
-0.08849
-0.08832
-0.08820
-0.08841
-0.08796
-0.08866
-0.08866
-0.08917
-0.08882
-0.08887
-0.08749
-0.08767
-0.08825
-0.08812
-0.08824
-0.08755
-0.08852
-0.08771
-0.08731
-0.08746
-0.08684
-0.08806
-0.08788
-0.08722
-0.08717
-0.08874
-0.08822
-0.08725
-0.08800
-0.08885
-0.08907
-0.08888
-0.08750
-0.08784
-0.08785
-0.08805
-0.08765
-0.08815
-0.08802
-0.08761
-0.08886
