# Acquired on 08/01/2024 15:36:19 
# SPIDER: Creep_-4mm_07714532B-2
# CREEP MEASUREMENT

# time [ms]		force [N]		stiffness [N/mm]
1.000			10.455			-2.614
100.000			11.299			-2.825
201.000			11.640			-2.910
300.000			11.668			-2.917
400.000			11.619			-2.905
501.000			11.580			-2.895
601.000			11.522			-2.881
701.000			11.498			-2.875
801.000			11.478			-2.869
900.000			11.460			-2.865
1000.000			11.443			-2.861
1101.000			11.428			-2.857
1200.000			11.415			-2.854
1302.000			11.390			-2.847
1401.000			11.378			-2.844
1500.000			11.367			-2.842
1601.000			11.358			-2.840
1700.000			11.349			-2.837
1800.000			11.340			-2.835
1901.000			11.332			-2.833
2000.000			11.318			-2.830
2101.000			11.310			-2.827
2202.000			11.302			-2.826
2300.000			11.295			-2.824
2400.000			11.290			-2.822
2501.000			11.284			-2.821
2600.000			11.277			-2.819
2700.000			11.266			-2.817
2801.000			11.260			-2.815
2901.000			11.254			-2.814
3001.000			11.249			-2.812
3101.000			11.246			-2.812
3200.000			11.241			-2.810
3300.000			11.236			-2.809
3401.000			11.232			-2.808
3500.000			11.223			-2.806
3601.000			11.220			-2.805
3702.000			11.216			-2.804
3800.000			11.212			-2.803
3900.000			11.207			-2.802
4001.000			11.203			-2.801
4100.000			11.201			-2.800
4200.000			11.194			-2.799
4302.000			11.190			-2.797
4401.000			11.187			-2.797
4500.000			11.184			-2.796
4600.000			11.180			-2.795
4700.000			11.177			-2.794
4801.000			11.174			-2.794
4900.000			11.169			-2.792
5000.000			11.166			-2.791
5102.000			11.163			-2.791
5201.000			11.160			-2.790
5300.000			11.156			-2.789
5401.000			11.154			-2.789
5500.000			11.152			-2.788
5600.000			11.148			-2.787
5701.000			11.144			-2.786
5801.000			11.142			-2.785
5901.000			11.139			-2.785
6001.000			11.137			-2.784
6100.000			11.134			-2.784
6200.000			11.132			-2.783
6301.000			11.129			-2.782
6400.000			11.126			-2.781
6500.000			11.125			-2.781
6602.000			11.122			-2.781
6701.000			11.120			-2.780
6800.000			11.118			-2.780
6901.000			11.116			-2.779
7000.000			11.114			-2.779
7100.000			11.108			-2.777
7201.000			11.107			-2.777
7301.000			11.106			-2.776
7401.000			11.104			-2.776
7501.000			11.101			-2.775
7600.000			11.099			-2.775
7700.000			11.098			-2.774
7800.000			11.095			-2.774
7900.000			11.093			-2.773
8001.000			11.091			-2.773
8101.000			11.089			-2.772
8201.000			11.089			-2.772
8301.000			11.087			-2.772
8400.000			11.084			-2.771
8500.000			11.081			-2.770
8601.000			11.079			-2.770
8700.000			11.079			-2.770
8801.000			11.077			-2.769
8902.000			11.075			-2.769
9000.000			11.075			-2.769
9100.000			11.073			-2.768
9201.000			11.071			-2.768
9300.000			11.067			-2.767
9400.000			11.066			-2.766
9501.000			11.064			-2.766
9601.000			11.063			-2.766
9701.000			11.062			-2.766
9801.000			11.061			-2.765
9900.000			11.059			-2.765
10000.000			11.057			-2.764
10101.000			11.055			-2.764
10200.000			11.053			-2.763
10301.000			11.052			-2.763
10402.000			11.051			-2.763
10500.000			11.050			-2.762
10600.000			11.048			-2.762
10701.000			11.044			-2.761
10800.000			11.044			-2.761
10900.000			11.043			-2.761
11000.000			11.042			-2.760
11101.000			11.041			-2.760
11202.000			11.040			-2.760
11300.000			11.038			-2.759
11400.000			11.037			-2.759
11501.000			11.035			-2.759
11600.000			11.033			-2.758
11700.000			11.033			-2.758
11802.000			11.031			-2.758
11901.000			11.031			-2.758
12000.000			11.030			-2.757
12101.000			11.028			-2.757
12200.000			11.026			-2.756
12300.000			11.024			-2.756
12401.000			11.023			-2.756
12500.000			11.021			-2.755
12601.000			11.020			-2.755
12702.000			11.021			-2.755
12800.000			11.020			-2.755
12900.000			11.017			-2.754
13001.000			11.016			-2.754
13100.000			11.014			-2.754
13200.000			11.013			-2.753
13301.000			11.013			-2.753
13401.000			11.011			-2.753
13501.000			11.011			-2.753
13601.000			11.009			-2.752
13700.000			11.008			-2.752
13800.000			11.007			-2.752
13901.000			11.006			-2.752
14000.000			11.005			-2.751
14102.000			11.003			-2.751
14201.000			11.003			-2.751
14300.000			11.003			-2.751
14401.000			11.000			-2.750
14500.000			10.998			-2.750
14600.000			10.998			-2.749
14701.000			10.998			-2.749
14800.000			10.997			-2.749
14901.000			10.996			-2.749
15002.000			10.996			-2.749
15100.000			10.993			-2.748
15200.000			10.990			-2.748
15301.000			10.991			-2.748
15400.000			10.991			-2.748
15500.000			10.989			-2.747
15601.000			10.988			-2.747
15701.000			10.988			-2.747
15801.000			10.986			-2.746
15901.000			10.985			-2.746
16000.000			10.983			-2.746
16100.000			10.983			-2.746
16201.000			10.983			-2.746
16300.000			10.982			-2.745
16400.000			10.982			-2.745
16502.000			10.980			-2.745
16601.000			10.980			-2.745
16701.000			10.977			-2.744
16801.000			10.975			-2.744
16900.000			10.976			-2.744
17000.000			10.976			-2.744
17101.000			10.975			-2.744
17200.000			10.974			-2.743
17300.000			10.971			-2.743
17402.000			10.971			-2.743
17501.000			10.972			-2.743
17601.000			10.971			-2.743
17700.000			10.971			-2.743
17800.000			10.970			-2.742
17901.000			10.968			-2.742
18000.000			10.966			-2.741
18100.000			10.965			-2.741
18202.000			10.965			-2.741
18301.000			10.964			-2.741
18400.000			10.963			-2.741
18501.000			10.963			-2.741
18600.000			10.962			-2.741
18700.000			10.960			-2.740
18801.000			10.959			-2.740
18900.000			10.959			-2.740
19001.000			10.959			-2.740
19102.000			10.957			-2.739
19200.000			10.958			-2.739
19300.000			10.958			-2.740
19401.000			10.955			-2.739
19500.000			10.954			-2.739
19600.000			10.954			-2.739
19701.000			10.954			-2.738
19801.000			10.952			-2.738
19901.000			10.951			-2.738
20001.000			10.952			-2.738
20100.000			10.952			-2.738
20200.000			10.949			-2.737
20301.000			10.948			-2.737
20400.000			10.948			-2.737
20500.000			10.948			-2.737
20602.000			10.947			-2.737
20701.000			10.946			-2.736
20801.000			10.946			-2.736
20900.000			10.943			-2.736
21000.000			10.943			-2.736
21101.000			10.942			-2.736
21200.000			10.942			-2.736
21300.000			10.943			-2.736
21402.000			10.942			-2.735
21501.000			10.941			-2.735
21600.000			10.941			-2.735
21701.000			10.940			-2.735
21800.000			10.939			-2.735
21900.000			10.937			-2.734
22001.000			10.936			-2.734
22101.000			10.937			-2.734
22201.000			10.936			-2.734
22301.000			10.935			-2.734
22400.000			10.934			-2.734
22500.000			10.934			-2.733
22601.000			10.932			-2.733
22700.000			10.932			-2.733
22800.000			10.932			-2.733
22902.000			10.931			-2.733
23001.000			10.931			-2.733
23100.000			10.930			-2.732
23201.000			10.929			-2.732
23300.000			10.928			-2.732
23400.000			10.927			-2.732
23501.000			10.927			-2.732
23600.000			10.927			-2.732
23702.000			10.926			-2.732
23801.000			10.926			-2.732
23901.000			10.924			-2.731
24001.000			10.924			-2.731
24100.000			10.925			-2.731
24200.000			10.924			-2.731
24301.000			10.923			-2.731
24400.000			10.923			-2.731
24501.000			10.922			-2.730
24602.000			10.922			-2.730
24700.000			10.921			-2.730
24800.000			10.921			-2.730
24901.000			10.920			-2.730
25000.000			10.920			-2.730
25100.000			10.919			-2.730
25201.000			10.918			-2.729
25301.000			10.916			-2.729
25401.000			10.916			-2.729
25501.000			10.915			-2.729
25600.000			10.915			-2.729
25700.000			10.914			-2.728
25801.000			10.913			-2.728
25900.000			10.912			-2.728
26000.000			10.913			-2.728
26102.000			10.912			-2.728
26201.000			10.912			-2.728
26300.000			10.912			-2.728
26401.000			10.911			-2.728
26500.000			10.911			-2.728
26600.000			10.909			-2.727
26701.000			10.909			-2.727
26800.000			10.907			-2.727
26902.000			10.907			-2.727
27001.000			10.908			-2.727
27100.000			10.907			-2.727
27201.000			10.907			-2.727
27300.000			10.906			-2.727
27400.000			10.906			-2.727
27501.000			10.905			-2.726
27600.000			10.904			-2.726
27701.000			10.904			-2.726
27802.000			10.903			-2.726
27900.000			10.902			-2.726
28000.000			10.902			-2.725
28101.000			10.902			-2.726
28200.000			10.901			-2.725
28300.000			10.901			-2.725
28401.000			10.899			-2.725
28501.000			10.899			-2.725
28601.000			10.899			-2.725
28701.000			10.897			-2.724
28800.000			10.897			-2.724
28900.000			10.897			-2.724
29001.000			10.897			-2.724
29100.000			10.896			-2.724
29200.000			10.896			-2.724
29302.000			10.896			-2.724
29401.000			10.895			-2.724
29500.000			10.894			-2.724
29601.000			10.895			-2.724
29700.000			10.894			-2.723
29800.000			10.894			-2.723
29901.000			10.893			-2.723
30000.000			10.891			-2.723
30102.000			10.891			-2.723
30201.000			10.891			-2.723
30300.000			10.891			-2.723
30401.000			10.890			-2.722
30500.000			10.889			-2.722
30600.000			10.888			-2.722
30701.000			10.887			-2.722
30800.000			10.888			-2.722
30901.000			10.888			-2.722
31002.000			10.888			-2.722
31101.000			10.886			-2.722
31200.000			10.885			-2.721
31301.000			10.885			-2.721
31400.000			10.885			-2.721
31500.000			10.885			-2.721
31601.000			10.884			-2.721
31701.000			10.885			-2.721
31801.000			10.884			-2.721
31901.000			10.884			-2.721
32000.000			10.883			-2.721
32100.000			10.882			-2.721
32201.000			10.882			-2.720
32300.000			10.881			-2.720
32400.000			10.880			-2.720
32502.000			10.880			-2.720
32601.000			10.880			-2.720
32700.000			10.880			-2.720
32801.000			10.880			-2.720
32900.000			10.879			-2.720
33000.000			10.878			-2.720
33101.000			10.878			-2.719
33200.000			10.877			-2.719
33302.000			10.876			-2.719
33401.000			10.876			-2.719
33501.000			10.876			-2.719
33601.000			10.876			-2.719
33700.000			10.876			-2.719
33800.000			10.875			-2.719
33901.000			10.875			-2.719
34000.000			10.873			-2.718
34100.000			10.873			-2.718
34202.000			10.873			-2.718
34301.000			10.872			-2.718
34400.000			10.873			-2.718
34501.000			10.873			-2.718
34600.000			10.872			-2.718
34700.000			10.871			-2.718
34801.000			10.871			-2.718
34901.000			10.870			-2.718
35001.000			10.870			-2.717
35101.000			10.869			-2.717
35200.000			10.868			-2.717
35300.000			10.869			-2.717
35401.000			10.869			-2.717
35500.000			10.869			-2.717
35600.000			10.867			-2.717
35702.000			10.867			-2.717
35801.000			10.867			-2.717
35901.000			10.867			-2.717
36001.000			10.866			-2.717
36100.000			10.865			-2.716
36200.000			10.864			-2.716
36301.000			10.864			-2.716
36400.000			10.865			-2.716
36500.000			10.864			-2.716
36602.000			10.864			-2.716
36701.000			10.864			-2.716
36801.000			10.863			-2.716
36900.000			10.861			-2.715
37000.000			10.862			-2.716
37101.000			10.861			-2.715
37200.000			10.860			-2.715
37300.000			10.860			-2.715
37402.000			10.860			-2.715
37501.000			10.861			-2.715
37600.000			10.859			-2.715
37701.000			10.859			-2.715
37800.000			10.859			-2.715
37900.000			10.858			-2.715
38001.000			10.858			-2.714
38100.000			10.858			-2.714
38201.000			10.858			-2.715
38302.000			10.858			-2.714
38400.000			10.856			-2.714
38500.000			10.856			-2.714
38601.000			10.856			-2.714
38700.000			10.855			-2.714
38800.000			10.855			-2.714
38901.000			10.855			-2.714
39001.000			10.855			-2.714
39101.000			10.854			-2.714
39201.000			10.854			-2.713
39300.000			10.854			-2.713
39400.000			10.853			-2.713
39501.000			10.852			-2.713
39600.000			10.852			-2.713
39700.000			10.851			-2.713
39802.000			10.850			-2.713
39901.000			10.851			-2.713
40001.000			10.851			-2.713
40100.000			10.851			-2.713
40200.000			10.850			-2.713
40301.000			10.850			-2.712
40400.000			10.849			-2.712
40500.000			10.849			-2.712
40602.000			10.848			-2.712
40701.000			10.848			-2.712
40800.000			10.847			-2.712
40901.000			10.846			-2.711
41000.000			10.847			-2.712
41100.000			10.847			-2.712
41201.000			10.846			-2.711
41300.000			10.845			-2.711
41401.000			10.845			-2.711
41502.000			10.846			-2.711
41600.000			10.845			-2.711
41700.000			10.845			-2.711
41801.000			10.845			-2.711
41900.000			10.844			-2.711
42000.000			10.843			-2.711
42101.000			10.843			-2.711
42201.000			10.843			-2.711
42301.000			10.843			-2.711
42401.000			10.843			-2.711
42500.000			10.842			-2.711
42600.000			10.842			-2.711
42701.000			10.842			-2.711
42800.000			10.842			-2.711
42902.000			10.841			-2.710
43001.000			10.840			-2.710
43101.000			10.840			-2.710
43201.000			10.840			-2.710
43300.000			10.839			-2.710
43400.000			10.839			-2.710
43501.000			10.839			-2.710
43600.000			10.839			-2.710
43701.000			10.839			-2.710
43802.000			10.838			-2.710
43901.000			10.838			-2.709
44000.000			10.837			-2.709
44101.000			10.837			-2.709
44200.000			10.836			-2.709
44300.000			10.836			-2.709
44401.000			10.836			-2.709
44501.000			10.836			-2.709
44601.000			10.834			-2.709
44701.000			10.834			-2.709
44800.000			10.834			-2.709
44900.000			10.834			-2.709
45001.000			10.835			-2.709
45100.000			10.835			-2.709
45200.000			10.834			-2.709
45302.000			10.833			-2.708
45401.000			10.833			-2.708
45500.000			10.832			-2.708
45601.000			10.832			-2.708
45700.000			10.831			-2.708
45800.000			10.832			-2.708
45901.000			10.831			-2.708
46000.000			10.831			-2.708
46102.000			10.830			-2.708
46201.000			10.830			-2.708
46300.000			10.829			-2.707
46401.000			10.829			-2.707
46500.000			10.829			-2.707
46600.000			10.829			-2.707
46701.000			10.829			-2.707
46800.000			10.828			-2.707
46901.000			10.827			-2.707
47002.000			10.827			-2.707
47100.000			10.827			-2.707
47200.000			10.827			-2.707
47301.000			10.826			-2.706
47400.000			10.825			-2.706
47500.000			10.825			-2.706
47601.000			10.825			-2.706
47701.000			10.825			-2.706
47801.000			10.825			-2.706
47901.000			10.825			-2.706
48000.000			10.824			-2.706
48100.000			10.823			-2.706
48201.000			10.823			-2.706
48300.000			10.823			-2.706
48400.000			10.823			-2.706
48502.000			10.822			-2.706
48601.000			10.822			-2.705
48700.000			10.823			-2.706
48801.000			10.823			-2.706
48900.000			10.822			-2.705
49000.000			10.821			-2.705
49101.000			10.821			-2.705
49200.000			10.821			-2.705
49302.000			10.821			-2.705
49401.000			10.821			-2.705
49500.000			10.820			-2.705
49601.000			10.819			-2.705
49700.000			10.819			-2.705
49800.000			10.819			-2.705
49901.000			10.819			-2.705
50000.000			10.818			-2.705
50101.000			10.819			-2.705
50202.000			10.819			-2.705
50300.000			10.819			-2.705
50400.000			10.818			-2.704
50501.000			10.817			-2.704
50600.000			10.816			-2.704
50700.000			10.818			-2.704
50801.000			10.816			-2.704
50901.000			10.816			-2.704
51001.000			10.816			-2.704
51101.000			10.816			-2.704
51200.000			10.815			-2.704
51300.000			10.814			-2.703
51401.000			10.813			-2.703
51500.000			10.812			-2.703
51600.000			10.813			-2.703
51702.000			10.812			-2.703
51801.000			10.813			-2.703
51900.000			10.813			-2.703
52001.000			10.813			-2.703
52100.000			10.813			-2.703
52200.000			10.812			-2.703
52301.000			10.811			-2.703
52401.000			10.811			-2.703
52502.000			10.811			-2.703
52601.000			10.811			-2.703
52700.000			10.810			-2.703
52801.000			10.810			-2.703
52900.000			10.811			-2.703
53000.000			10.810			-2.702
53101.000			10.809			-2.702
53201.000			10.809			-2.702
53301.000			10.809			-2.702
53401.000			10.809			-2.702
53500.000			10.808			-2.702
53600.000			10.808			-2.702
53701.000			10.808			-2.702
53800.000			10.808			-2.702
53900.000			10.807			-2.702
54002.000			10.806			-2.702
54101.000			10.806			-2.702
54200.000			10.806			-2.702
54301.000			10.805			-2.701
54400.000			10.807			-2.702
54500.000			10.806			-2.701
54601.000			10.806			-2.701
54700.000			10.806			-2.701
54801.000			10.806			-2.701
54902.000			10.805			-2.701
55000.000			10.804			-2.701
55100.000			10.804			-2.701
55201.000			10.804			-2.701
55300.000			10.803			-2.701
55400.000			10.803			-2.701
55501.000			10.804			-2.701
55601.000			10.804			-2.701
55702.000			10.803			-2.701
55800.000			10.802			-2.701
55900.000			10.801			-2.700
56001.000			10.801			-2.700
56100.000			10.801			-2.700
56200.000			10.802			-2.701
56301.000			10.802			-2.700
56401.000			10.801			-2.700
56501.000			10.800			-2.700
56601.000			10.801			-2.700
56700.000			10.801			-2.700
56800.000			10.800			-2.700
56901.000			10.800			-2.700
57000.000			10.799			-2.700
57100.000			10.799			-2.700
57202.000			10.798			-2.700
57301.000			10.798			-2.700
57400.000			10.798			-2.700
57501.000			10.798			-2.700
57600.000			10.799			-2.700
57700.000			10.798			-2.700
57801.000			10.798			-2.700
57900.000			10.797			-2.699
58001.000			10.797			-2.699
58102.000			10.797			-2.699
58200.000			10.796			-2.699
58300.000			10.796			-2.699
58401.000			10.796			-2.699
58500.000			10.796			-2.699
58600.000			10.795			-2.699
58701.000			10.796			-2.699
58801.000			10.795			-2.699
58902.000			10.794			-2.698
59001.000			10.793			-2.698
59100.000			10.793			-2.698
59201.000			10.793			-2.698
59300.000			10.793			-2.698
59400.000			10.793			-2.698
59501.000			10.793			-2.698
59600.000			10.792			-2.698
59701.000			10.792			-2.698
59802.000			10.792			-2.698
59900.000			10.792			-2.698
60000.000			10.793			-2.698
60101.000			10.792			-2.698
60200.000			10.791			-2.698
60300.000			10.791			-2.698
60401.000			10.791			-2.698
60501.000			10.790			-2.698
60601.000			10.790			-2.698
60701.000			10.789			-2.697
60800.000			10.791			-2.698
60900.000			10.790			-2.697
61001.000			10.790			-2.697
61100.000			10.789			-2.697
61200.000			10.789			-2.697
61302.000			10.788			-2.697
61401.000			10.789			-2.697
61500.000			10.788			-2.697
61601.000			10.788			-2.697
61700.000			10.787			-2.697
61800.000			10.787			-2.697
61901.000			10.786			-2.697
62000.000			10.787			-2.697
62102.000			10.787			-2.697
62201.000			10.787			-2.697
62300.000			10.788			-2.697
62401.000			10.786			-2.696
62500.000			10.785			-2.696
62600.000			10.786			-2.696
62701.000			10.786			-2.697
62800.000			10.785			-2.696
62901.000			10.785			-2.696
63002.000			10.786			-2.696
63100.000			10.785			-2.696
63200.000			10.785			-2.696
63301.000			10.783			-2.696
63400.000			10.784			-2.696
63500.000			10.784			-2.696
63601.000			10.784			-2.696
63701.000			10.783			-2.696
63801.000			10.783			-2.696
63901.000			10.783			-2.696
64000.000			10.783			-2.696
64100.000			10.783			-2.696
64201.000			10.782			-2.696
64300.000			10.783			-2.696
64400.000			10.783			-2.696
64502.000			10.782			-2.695
64601.000			10.782			-2.695
64700.000			10.781			-2.695
64801.000			10.779			-2.695
64900.000			10.780			-2.695
65000.000			10.780			-2.695
65101.000			10.781			-2.695
65200.000			10.781			-2.695
65302.000			10.781			-2.695
65401.000			10.780			-2.695
65500.000			10.780			-2.695
65601.000			10.778			-2.695
65700.000			10.778			-2.694
65800.000			10.778			-2.695
65901.000			10.779			-2.695
66000.000			10.778			-2.694
66101.000			10.777			-2.694
66202.000			10.778			-2.694
66301.000			10.778			-2.694
66400.000			10.778			-2.694
66501.000			10.778			-2.694
66600.000			10.778			-2.694
66700.000			10.777			-2.694
66801.000			10.777			-2.694
66900.000			10.778			-2.694
67001.000			10.778			-2.694
67102.000			10.777			-2.694
67200.000			10.777			-2.694
67300.000			10.777			-2.694
67401.000			10.774			-2.694
67500.000			10.775			-2.694
67600.000			10.775			-2.694
67701.000			10.775			-2.694
67801.000			10.775			-2.694
67901.000			10.774			-2.694
68001.000			10.775			-2.694
68100.000			10.774			-2.694
68200.000			10.774			-2.693
68301.000			10.774			-2.693
68400.000			10.773			-2.693
68500.000			10.774			-2.693
68602.000			10.774			-2.693
68701.000			10.773			-2.693
68802.000			10.773			-2.693
68900.000			10.772			-2.693
69000.000			10.773			-2.693
69101.000			10.773			-2.693
69200.000			10.773			-2.693
69300.000			10.773			-2.693
69401.000			10.772			-2.693
69501.000			10.771			-2.693
69601.000			10.771			-2.693
69701.000			10.770			-2.693
69800.000			10.771			-2.693
69900.000			10.771			-2.693
70001.000			10.771			-2.693
70100.000			10.770			-2.692
70200.000			10.770			-2.692
70302.000			10.770			-2.692
70401.000			10.769			-2.692
70500.000			10.770			-2.692
70601.000			10.769			-2.692
70700.000			10.769			-2.692
70800.000			10.770			-2.692
70901.000			10.769			-2.692
71000.000			10.769			-2.692
71101.000			10.767			-2.692
71202.000			10.768			-2.692
71300.000			10.768			-2.692
71400.000			10.767			-2.692
71501.000			10.767			-2.692
71600.000			10.767			-2.692
71700.000			10.767			-2.692
71800.000			10.766			-2.692
71901.000			10.767			-2.692
72002.000			10.766			-2.692
72101.000			10.766			-2.691
72200.000			10.766			-2.691
72301.000			10.766			-2.692
72400.000			10.767			-2.692
72500.000			10.765			-2.691
72601.000			10.765			-2.691
72701.000			10.766			-2.692
72801.000			10.766			-2.691
72902.000			10.766			-2.691
73000.000			10.765			-2.691
73100.000			10.764			-2.691
73201.000			10.764			-2.691
73300.000			10.764			-2.691
73400.000			10.763			-2.691
73501.000			10.762			-2.691
73601.000			10.764			-2.691
73701.000			10.764			-2.691
73801.000			10.763			-2.691
73900.000			10.763			-2.691
74000.000			10.763			-2.691
74101.000			10.762			-2.690
74200.000			10.760			-2.690
74300.000			10.761			-2.690
74402.000			10.761			-2.690
74501.000			10.760			-2.690
74600.000			10.761			-2.690
74701.000			10.760			-2.690
74800.000			10.760			-2.690
74900.000			10.761			-2.690
75000.000			10.760			-2.690
75100.000			10.760			-2.690
75202.000			10.760			-2.690
75301.000			10.760			-2.690
75400.000			10.759			-2.690
75501.000			10.758			-2.690
75600.000			10.760			-2.690
75700.000			10.760			-2.690
75801.000			10.759			-2.690
75900.000			10.758			-2.690
76001.000			10.758			-2.689
76102.000			10.758			-2.690
76201.000			10.757			-2.689
76300.000			10.758			-2.689
76401.000			10.758			-2.689
76500.000			10.758			-2.689
76600.000			10.758			-2.689
76701.000			10.757			-2.689
76800.000			10.756			-2.689
76901.000			10.757			-2.689
77002.000			10.756			-2.689
77100.000			10.755			-2.689
77200.000			10.755			-2.689
77301.000			10.755			-2.689
77400.000			10.757			-2.689
77500.000			10.757			-2.689
77601.000			10.754			-2.689
77701.000			10.755			-2.689
77801.000			10.755			-2.689
77901.000			10.755			-2.689
78000.000			10.754			-2.688
78100.000			10.754			-2.689
78200.000			10.753			-2.688
78300.000			10.754			-2.688
78401.000			10.754			-2.688
78501.000			10.754			-2.689
78601.000			10.753			-2.688
78701.000			10.753			-2.688
78800.000			10.754			-2.689
78900.000			10.753			-2.688
79001.000			10.752			-2.688
79100.000			10.753			-2.688
79200.000			10.753			-2.688
79301.000			10.753			-2.688
79401.000			10.752			-2.688
79501.000			10.752			-2.688
79601.000			10.752			-2.688
79700.000			10.751			-2.688
79800.000			10.750			-2.687
79901.000			10.749			-2.687
80000.000			10.750			-2.688
80100.000			10.750			-2.688
80202.000			10.750			-2.688
80301.000			10.751			-2.688
80400.000			10.750			-2.687
80501.000			10.751			-2.688
80600.000			10.750			-2.688
80700.000			10.749			-2.687
80801.000			10.749			-2.687
80900.000			10.749			-2.687
81001.000			10.750			-2.687
81102.000			10.749			-2.687
81200.000			10.748			-2.687
81300.000			10.749			-2.687
81400.000			10.748			-2.687
81500.000			10.748			-2.687
81601.000			10.748			-2.687
81700.000			10.748			-2.687
81801.000			10.748			-2.687
81902.000			10.748			-2.687
82000.000			10.746			-2.687
82100.000			10.747			-2.687
82201.000			10.747			-2.687
82300.000			10.747			-2.687
82400.000			10.748			-2.687
82501.000			10.747			-2.687
82601.000			10.746			-2.686
82701.000			10.745			-2.686
82801.000			10.746			-2.686
82900.000			10.746			-2.687
83000.000			10.746			-2.687
83101.000			10.745			-2.686
83200.000			10.744			-2.686
83300.000			10.745			-2.686
83402.000			10.746			-2.686
83501.000			10.745			-2.686
83600.000			10.745			-2.686
83701.000			10.745			-2.686
83800.000			10.744			-2.686
83900.000			10.743			-2.686
84001.000			10.743			-2.686
84100.000			10.743			-2.686
84201.000			10.744			-2.686
84302.000			10.743			-2.686
84401.000			10.743			-2.686
84500.000			10.743			-2.686
84600.000			10.744			-2.686
84700.000			10.743			-2.686
84801.000			10.743			-2.686
84900.000			10.742			-2.686
85000.000			10.742			-2.685
85102.000			10.742			-2.686
85201.000			10.742			-2.686
85300.000			10.742			-2.686
85401.000			10.742			-2.685
85500.000			10.742			-2.685
85600.000			10.741			-2.685
85701.000			10.741			-2.685
85800.000			10.741			-2.685
85901.000			10.742			-2.685
86002.000			10.740			-2.685
86100.000			10.741			-2.685
86200.000			10.740			-2.685
86301.000			10.740			-2.685
86400.000			10.740			-2.685
86500.000			10.740			-2.685
86601.000			10.739			-2.685
86701.000			10.739			-2.685
86801.000			10.738			-2.685
86901.000			10.739			-2.685
87000.000			10.740			-2.685
87100.000			10.738			-2.685
87201.000			10.739			-2.685
87300.000			10.738			-2.684
87400.000			10.738			-2.684
87502.000			10.738			-2.685
87601.000			10.737			-2.684
87700.000			10.737			-2.684
87800.000			10.736			-2.684
87900.000			10.737			-2.684
88001.000			10.737			-2.684
88100.000			10.737			-2.684
88200.000			10.736			-2.684
88301.000			10.737			-2.684
88401.000			10.736			-2.684
88501.000			10.737			-2.684
88601.000			10.737			-2.684
88700.000			10.736			-2.684
88800.000			10.735			-2.684
88901.000			10.735			-2.684
89000.000			10.735			-2.684
89100.000			10.734			-2.684
89202.000			10.734			-2.684
89301.000			10.733			-2.683
89400.000			10.734			-2.684
89501.000			10.735			-2.684
89600.000			10.735			-2.684
89700.000			10.734			-2.684
89801.000			10.734			-2.684
89900.000			10.735			-2.684
90001.000			10.733			-2.683
90102.000			10.733			-2.683
90200.000			10.733			-2.683
90300.000			10.733			-2.683
90401.000			10.733			-2.683
90500.000			10.733			-2.683
90600.000			10.733			-2.683
90701.000			10.731			-2.683
90801.000			10.731			-2.683
90902.000			10.731			-2.683
91001.000			10.732			-2.683
91100.000			10.731			-2.683
91201.000			10.731			-2.683
91300.000			10.732			-2.683
91400.000			10.731			-2.683
91501.000			10.731			-2.683
91601.000			10.732			-2.683
91701.000			10.732			-2.683
91801.000			10.731			-2.683
91900.000			10.731			-2.683
92000.000			10.730			-2.682
92101.000			10.730			-2.682
92200.000			10.730			-2.682
92300.000			10.731			-2.683
92402.000			10.730			-2.683
92501.000			10.730			-2.682
92600.000			10.730			-2.683
92701.000			10.729			-2.682
92800.000			10.729			-2.682
92900.000			10.728			-2.682
93001.000			10.728			-2.682
93100.000			10.728			-2.682
93200.000			10.728			-2.682
93302.000			10.729			-2.682
93401.000			10.728			-2.682
93500.000			10.728			-2.682
93601.000			10.728			-2.682
93700.000			10.728			-2.682
93800.000			10.728			-2.682
93901.000			10.727			-2.682
94000.000			10.727			-2.682
94102.000			10.728			-2.682
94201.000			10.728			-2.682
94300.000			10.727			-2.682
94401.000			10.728			-2.682
94500.000			10.728			-2.682
94600.000			10.727			-2.682
94701.000			10.727			-2.682
94800.000			10.727			-2.682
94901.000			10.727			-2.682
95002.000			10.727			-2.682
95100.000			10.726			-2.681
95200.000			10.726			-2.681
95301.000			10.726			-2.681
95400.000			10.725			-2.681
95500.000			10.725			-2.681
95601.000			10.725			-2.681
95701.000			10.725			-2.681
95801.000			10.724			-2.681
95901.000			10.724			-2.681
96000.000			10.724			-2.681
96100.000			10.724			-2.681
96201.000			10.724			-2.681
96300.000			10.724			-2.681
96400.000			10.724			-2.681
96502.000			10.724			-2.681
96601.000			10.724			-2.681
96700.000			10.724			-2.681
96801.000			10.724			-2.681
96900.000			10.723			-2.681
97000.000			10.723			-2.681
97101.000			10.723			-2.681
97200.000			10.723			-2.681
97302.000			10.723			-2.681
97401.000			10.722			-2.681
97500.000			10.721			-2.680
97601.000			10.721			-2.680
97700.000			10.721			-2.680
97800.000			10.722			-2.680
97901.000			10.720			-2.680
98000.000			10.721			-2.680
98100.000			10.721			-2.680
98202.000			10.721			-2.680
98301.000			10.721			-2.680
98400.000			10.721			-2.680
98501.000			10.720			-2.680
98600.000			10.720			-2.680
98700.000			10.720			-2.680
98801.000			10.720			-2.680
98900.000			10.720			-2.680
99001.000			10.721			-2.680
99102.000			10.721			-2.680
99200.000			10.720			-2.680
99300.000			10.719			-2.680
99401.000			10.719			-2.680
99500.000			10.719			-2.680
99600.000			10.719			-2.680
99701.000			10.718			-2.680
99801.000			10.719			-2.680
99901.000			10.719			-2.680
100001.000			10.719			-2.680
100100.000			10.718			-2.680
100200.000			10.718			-2.679
100301.000			10.717			-2.679
100400.000			10.718			-2.679
100500.000			10.718			-2.680
100602.000			10.717			-2.679
100701.000			10.717			-2.679
100801.000			10.718			-2.679
100900.000			10.717			-2.679
101000.000			10.718			-2.679
101101.000			10.717			-2.679
101200.000			10.716			-2.679
101300.000			10.716			-2.679
101402.000			10.716			-2.679
101501.000			10.716			-2.679
101600.000			10.716			-2.679
101701.000			10.716			-2.679
101800.000			10.715			-2.679
101900.000			10.715			-2.679
102001.000			10.715			-2.679
102100.000			10.715			-2.679
102200.000			10.715			-2.679
102302.000			10.715			-2.679
102401.000			10.715			-2.679
102500.000			10.714			-2.679
102601.000			10.715			-2.679
102700.000			10.714			-2.678
102800.000			10.714			-2.678
102901.000			10.714			-2.679
103000.000			10.713			-2.678
103101.000			10.713			-2.678
103202.000			10.713			-2.678
103300.000			10.713			-2.678
103400.000			10.713			-2.678
103501.000			10.714			-2.678
103600.000			10.713			-2.678
103700.000			10.713			-2.678
103800.000			10.712			-2.678
103901.000			10.711			-2.678
104002.000			10.712			-2.678
104100.000			10.713			-2.678
104200.000			10.713			-2.678
104301.000			10.712			-2.678
104400.000			10.712			-2.678
104500.000			10.711			-2.678
104601.000			10.712			-2.678
104701.000			10.711			-2.678
104801.000			10.710			-2.678
104901.000			10.711			-2.678
105000.000			10.711			-2.678
105100.000			10.710			-2.678
105201.000			10.711			-2.678
105300.000			10.711			-2.678
105400.000			10.711			-2.678
105502.000			10.710			-2.678
105601.000			10.710			-2.678
105700.000			10.710			-2.678
105801.000			10.709			-2.677
105900.000			10.710			-2.678
106000.000			10.710			-2.677
106101.000			10.709			-2.677
106200.000			10.709			-2.677
106301.000			10.709			-2.677
106402.000			10.709			-2.677
106500.000			10.709			-2.677
106600.000			10.708			-2.677
106701.000			10.708			-2.677
106800.000			10.709			-2.677
106900.000			10.709			-2.677
107000.000			10.708			-2.677
107101.000			10.709			-2.677
107202.000			10.709			-2.677
107301.000			10.708			-2.677
107400.000			10.710			-2.677
107501.000			10.708			-2.677
107600.000			10.707			-2.677
107700.000			10.707			-2.677
107801.000			10.707			-2.677
107900.000			10.708			-2.677
108001.000			10.708			-2.677
108102.000			10.708			-2.677
108200.000			10.707			-2.677
108300.000			10.707			-2.677
108401.000			10.707			-2.677
108500.000			10.707			-2.677
108600.000			10.707			-2.677
108701.000			10.706			-2.677
108801.000			10.707			-2.677
108901.000			10.707			-2.677
109001.000			10.706			-2.676
109100.000			10.707			-2.677
109200.000			10.707			-2.677
109301.000			10.706			-2.676
109400.000			10.706			-2.676
109500.000			10.705			-2.676
109602.000			10.705			-2.676
109701.000			10.704			-2.676
109801.000			10.705			-2.676
109901.000			10.706			-2.676
110000.000			10.705			-2.676
110100.000			10.704			-2.676
110200.000			10.705			-2.676
110300.000			10.704			-2.676
110401.000			10.704			-2.676
110501.000			10.704			-2.676
110601.000			10.704			-2.676
110701.000			10.703			-2.676
110800.000			10.703			-2.676
110900.000			10.703			-2.676
111001.000			10.703			-2.676
111100.000			10.703			-2.676
111200.000			10.703			-2.676
111302.000			10.703			-2.676
111401.000			10.703			-2.676
111500.000			10.703			-2.676
111601.000			10.703			-2.676
111700.000			10.701			-2.675
111800.000			10.702			-2.675
111901.000			10.702			-2.676
112000.000			10.702			-2.676
112101.000			10.701			-2.675
112202.000			10.701			-2.675
112300.000			10.702			-2.675
112400.000			10.700			-2.675
112501.000			10.701			-2.675
112600.000			10.701			-2.675
112700.000			10.701			-2.675
112801.000			10.701			-2.675
112901.000			10.701			-2.675
113001.000			10.700			-2.675
113101.000			10.701			-2.675
113200.000			10.700			-2.675
113300.000			10.700			-2.675
113400.000			10.700			-2.675
113500.000			10.700			-2.675
113601.000			10.700			-2.675
113701.000			10.699			-2.675
113801.000			10.700			-2.675
113901.000			10.699			-2.675
114000.000			10.700			-2.675
114100.000			10.700			-2.675
114201.000			10.700			-2.675
114300.000			10.700			-2.675
114400.000			10.700			-2.675
114502.000			10.700			-2.675
114601.000			10.698			-2.675
114701.000			10.699			-2.675
114801.000			10.699			-2.675
114900.000			10.698			-2.674
115000.000			10.698			-2.674
115101.000			10.698			-2.674
115200.000			10.698			-2.674
115300.000			10.698			-2.674
115402.000			10.697			-2.674
115501.000			10.697			-2.674
115600.000			10.698			-2.674
115701.000			10.698			-2.674
115800.000			10.697			-2.674
115900.000			10.697			-2.674
116001.000			10.697			-2.674
116100.000			10.698			-2.674
116200.000			10.697			-2.674
116302.000			10.696			-2.674
116401.000			10.697			-2.674
116500.000			10.696			-2.674
116600.000			10.696			-2.674
116700.000			10.696			-2.674
116801.000			10.696			-2.674
116900.000			10.697			-2.674
117000.000			10.697			-2.674
117102.000			10.695			-2.674
117201.000			10.695			-2.674
117300.000			10.695			-2.674
117401.000			10.696			-2.674
117500.000			10.695			-2.674
117600.000			10.694			-2.673
117701.000			10.696			-2.674
117800.000			10.695			-2.674
117900.000			10.695			-2.674
118002.000			10.695			-2.674
118101.000			10.694			-2.674
118200.000			10.694			-2.674
118301.000			10.694			-2.673
118400.000			10.695			-2.674
118500.000			10.694			-2.673
118601.000			10.694			-2.673
118700.000			10.694			-2.673
118800.000			10.694			-2.673
118902.000			10.693			-2.673
119001.000			10.694			-2.673
119100.000			10.693			-2.673
119201.000			10.692			-2.673
119300.000			10.693			-2.673
119400.000			10.694			-2.674
119501.000			10.694			-2.673
119600.000			10.692			-2.673
119700.000			10.694			-2.673
119802.000			10.693			-2.673
119901.000			10.692			-2.673
120001.000			10.692			-2.673
120100.000			10.692			-2.673
120200.000			10.692			-2.673
120301.000			10.691			-2.673
120400.000			10.691			-2.673
120500.000			10.691			-2.673
120602.000			10.691			-2.673
120701.000			10.692			-2.673
120800.000			10.692			-2.673
120901.000			10.691			-2.673
121000.000			10.691			-2.673
121100.000			10.691			-2.673
121201.000			10.691			-2.673
121300.000			10.691			-2.673
121401.000			10.689			-2.672
121502.000			10.691			-2.673
121601.000			10.691			-2.673
121700.000			10.690			-2.672
121801.000			10.690			-2.672
121900.000			10.689			-2.672
122000.000			10.690			-2.673
122101.000			10.690			-2.673
122200.000			10.689			-2.672
122301.000			10.690			-2.672
122402.000			10.689			-2.672
122500.000			10.689			-2.672
122600.000			10.688			-2.672
122701.000			10.689			-2.672
122800.000			10.690			-2.672
122900.000			10.689			-2.672
123000.000			10.688			-2.672
123101.000			10.689			-2.672
123202.000			10.689			-2.672
123301.000			10.688			-2.672
123400.000			10.688			-2.672
123501.000			10.689			-2.672
123600.000			10.689			-2.672
123700.000			10.687			-2.672
123801.000			10.686			-2.672
123900.000			10.688			-2.672
124001.000			10.687			-2.672
124102.000			10.687			-2.672
124200.000			10.687			-2.672
124300.000			10.688			-2.672
124401.000			10.687			-2.672
124500.000			10.687			-2.672
124600.000			10.686			-2.672
124701.000			10.686			-2.672
124800.000			10.686			-2.672
124901.000			10.687			-2.672
125002.000			10.686			-2.672
125100.000			10.686			-2.671
125200.000			10.686			-2.672
125301.000			10.687			-2.672
125400.000			10.687			-2.672
125500.000			10.686			-2.671
125601.000			10.686			-2.671
125701.000			10.686			-2.672
125801.000			10.686			-2.672
125902.000			10.686			-2.671
126000.000			10.686			-2.672
126100.000			10.685			-2.671
126200.000			10.684			-2.671
126300.000			10.685			-2.671
126401.000			10.685			-2.671
126500.000			10.684			-2.671
126601.000			10.684			-2.671
126702.000			10.684			-2.671
126801.000			10.684			-2.671
126900.000			10.685			-2.671
127001.000			10.684			-2.671
127100.000			10.684			-2.671
127200.000			10.685			-2.671
127301.000			10.684			-2.671
127400.000			10.684			-2.671
127501.000			10.684			-2.671
127602.000			10.684			-2.671
127700.000			10.683			-2.671
127800.000			10.683			-2.671
127901.000			10.683			-2.671
128000.000			10.684			-2.671
128100.000			10.683			-2.671
128201.000			10.683			-2.671
128301.000			10.683			-2.671
128401.000			10.683			-2.671
128502.000			10.682			-2.671
128600.000			10.682			-2.671
128700.000			10.683			-2.671
128801.000			10.682			-2.671
128900.000			10.682			-2.670
129000.000			10.682			-2.670
129101.000			10.682			-2.671
129201.000			10.683			-2.671
129302.000			10.682			-2.671
129400.000			10.682			-2.670
129500.000			10.681			-2.670
129601.000			10.681			-2.670
129700.000			10.681			-2.670
129800.000			10.682			-2.670
129901.000			10.681			-2.670
130000.000			10.680			-2.670
130101.000			10.681			-2.670
130202.000			10.680			-2.670
130300.000			10.681			-2.670
130400.000			10.681			-2.670
130501.000			10.681			-2.670
130600.000			10.679			-2.670
130700.000			10.679			-2.670
130801.000			10.680			-2.670
130901.000			10.679			-2.670
131001.000			10.679			-2.670
131101.000			10.680			-2.670
131200.000			10.679			-2.670
131300.000			10.679			-2.670
131401.000			10.679			-2.670
131500.000			10.679			-2.670
131600.000			10.679			-2.670
131701.000			10.678			-2.670
131801.000			10.679			-2.670
131901.000			10.679			-2.670
132001.000			10.678			-2.669
132100.000			10.678			-2.670
132200.000			10.678			-2.670
132301.000			10.679			-2.670
132400.000			10.678			-2.669
132500.000			10.679			-2.670
132600.000			10.678			-2.669
132700.000			10.679			-2.670
132802.000			10.678			-2.670
132901.000			10.677			-2.669
133000.000			10.677			-2.669
133101.000			10.677			-2.669
133200.000			10.677			-2.669
133300.000			10.677			-2.669
133401.000			10.677			-2.669
133500.000			10.677			-2.669
133600.000			10.677			-2.669
133702.000			10.676			-2.669
133801.000			10.676			-2.669
133900.000			10.677			-2.669
134001.000			10.676			-2.669
134100.000			10.676			-2.669
134200.000			10.676			-2.669
134301.000			10.675			-2.669
134400.000			10.675			-2.669
134500.000			10.676			-2.669
134602.000			10.676			-2.669
134701.000			10.676			-2.669
134801.000			10.676			-2.669
134901.000			10.676			-2.669
135000.000			10.675			-2.669
135100.000			10.674			-2.669
135201.000			10.673			-2.668
135300.000			10.674			-2.669
135400.000			10.676			-2.669
135501.000			10.675			-2.669
135601.000			10.674			-2.669
135702.000			10.674			-2.668
135800.000			10.674			-2.668
135900.000			10.675			-2.669
136001.000			10.675			-2.669
136100.000			10.675			-2.669
136200.000			10.674			-2.668
136301.000			10.674			-2.668
136400.000			10.674			-2.668
136501.000			10.674			-2.668
136602.000			10.674			-2.668
136701.000			10.673			-2.668
136800.000			10.674			-2.668
136901.000			10.674			-2.668
137000.000			10.674			-2.668
137100.000			10.673			-2.668
137201.000			10.673			-2.668
137300.000			10.672			-2.668
137401.000			10.673			-2.668
137502.000			10.673			-2.668
137601.000			10.673			-2.668
137700.000			10.672			-2.668
137801.000			10.672			-2.668
137900.000			10.672			-2.668
138000.000			10.672			-2.668
138101.000			10.672			-2.668
138200.000			10.672			-2.668
138301.000			10.672			-2.668
138402.000			10.672			-2.668
138501.000			10.672			-2.668
138600.000			10.672			-2.668
138701.000			10.672			-2.668
138800.000			10.672			-2.668
138900.000			10.672			-2.668
139000.000			10.671			-2.668
139100.000			10.671			-2.668
139201.000			10.672			-2.668
139301.000			10.671			-2.668
139401.000			10.670			-2.668
139501.000			10.671			-2.668
139600.000			10.670			-2.667
139700.000			10.669			-2.667
139801.000			10.671			-2.668
139900.000			10.671			-2.668
140000.000			10.670			-2.668
140101.000			10.670			-2.668
140201.000			10.671			-2.668
140301.000			10.671			-2.668
140401.000			10.670			-2.668
140500.000			10.670			-2.667
140600.000			10.669			-2.667
140701.000			10.669			-2.667
140800.000			10.670			-2.667
140900.000			10.669			-2.667
141001.000			10.668			-2.667
141101.000			10.670			-2.667
141201.000			10.671			-2.668
141301.000			10.670			-2.667
141400.000			10.669			-2.667
141500.000			10.669			-2.667
141601.000			10.667			-2.667
141700.000			10.668			-2.667
141800.000			10.668			-2.667
141901.000			10.668			-2.667
142001.000			10.668			-2.667
142102.000			10.667			-2.667
142201.000			10.668			-2.667
142300.000			10.669			-2.667
142401.000			10.668			-2.667
142500.000			10.668			-2.667
142600.000			10.668			-2.667
142701.000			10.668			-2.667
142800.000			10.668			-2.667
142900.000			10.667			-2.667
143002.000			10.667			-2.667
143101.000			10.666			-2.667
143200.000			10.666			-2.666
143301.000			10.666			-2.666
143400.000			10.667			-2.667
143500.000			10.666			-2.667
143601.000			10.666			-2.667
143700.000			10.667			-2.667
143800.000			10.667			-2.667
143902.000			10.665			-2.666
144001.000			10.667			-2.667
144101.000			10.667			-2.667
144201.000			10.666			-2.666
144300.000			10.666			-2.666
144400.000			10.666			-2.666
144501.000			10.666			-2.666
144600.000			10.666			-2.667
144700.000			10.666			-2.666
144802.000			10.665			-2.666
144901.000			10.666			-2.667
145001.000			10.666			-2.666
145101.000			10.666			-2.666
145200.000			10.665			-2.666
145300.000			10.665			-2.666
145400.000			10.664			-2.666
145500.000			10.664			-2.666
145601.000			10.664			-2.666
145700.000			10.664			-2.666
145801.000			10.665			-2.666
145902.000			10.665			-2.666
146000.000			10.665			-2.666
146100.000			10.664			-2.666
146201.000			10.664			-2.666
146300.000			10.665			-2.666
146400.000			10.664			-2.666
146501.000			10.664			-2.666
146600.000			10.663			-2.666
146701.000			10.664			-2.666
146802.000			10.664			-2.666
146901.000			10.664			-2.666
147000.000			10.664			-2.666
147101.000			10.663			-2.666
147200.000			10.662			-2.666
147300.000			10.663			-2.666
147401.000			10.662			-2.666
147500.000			10.663			-2.666
147601.000			10.663			-2.666
147702.000			10.663			-2.666
147801.000			10.663			-2.666
147900.000			10.663			-2.666
148001.000			10.662			-2.665
148100.000			10.662			-2.666
148200.000			10.663			-2.666
148301.000			10.663			-2.666
148400.000			10.662			-2.665
148500.000			10.662			-2.666
148602.000			10.663			-2.666
148701.000			10.662			-2.665
148801.000			10.661			-2.665
148900.000			10.661			-2.665
149000.000			10.661			-2.665
149101.000			10.662			-2.665
149200.000			10.662			-2.665
149300.000			10.662			-2.665
149401.000			10.662			-2.665
149501.000			10.662			-2.666
149601.000			10.661			-2.665
149702.000			10.660			-2.665
149800.000			10.661			-2.665
149900.000			10.661			-2.665
150001.000			10.660			-2.665
150100.000			10.661			-2.665
150200.000			10.660			-2.665
150301.000			10.660			-2.665
150401.000			10.659			-2.665
150501.000			10.659			-2.665
150602.000			10.661			-2.665
150700.000			10.661			-2.665
150800.000			10.660			-2.665
150901.000			10.659			-2.665
151000.000			10.660			-2.665
151100.000			10.659			-2.665
151201.000			10.660			-2.665
151301.000			10.660			-2.665
151401.000			10.659			-2.665
151502.000			10.659			-2.665
151600.000			10.659			-2.665
151700.000			10.659			-2.665
151800.000			10.658			-2.665
151900.000			10.659			-2.665
152001.000			10.658			-2.665
152100.000			10.658			-2.664
152200.000			10.658			-2.665
152302.000			10.659			-2.665
152401.000			10.659			-2.665
152500.000			10.659			-2.665
152601.000			10.658			-2.665
152700.000			10.659			-2.665
152800.000			10.659			-2.665
152901.000			10.659			-2.665
153000.000			10.658			-2.665
153100.000			10.657			-2.664
153202.000			10.657			-2.664
153301.000			10.657			-2.664
153401.000			10.657			-2.664
153501.000			10.657			-2.664
153600.000			10.657			-2.664
153700.000			10.657			-2.664
153801.000			10.657			-2.664
153900.000			10.657			-2.664
154000.000			10.656			-2.664
154101.000			10.657			-2.664
154201.000			10.657			-2.664
154301.000			10.656			-2.664
154401.000			10.656			-2.664
154500.000			10.657			-2.664
154600.000			10.658			-2.664
154701.000			10.656			-2.664
154800.000			10.655			-2.664
154900.000			10.655			-2.664
155000.000			10.655			-2.664
155101.000			10.656			-2.664
155202.000			10.655			-2.664
155301.000			10.655			-2.664
155400.000			10.656			-2.664
155501.000			10.656			-2.664
155600.000			10.656			-2.664
155700.000			10.655			-2.664
155801.000			10.655			-2.664
155900.000			10.655			-2.664
156001.000			10.655			-2.664
156102.000			10.654			-2.664
156201.000			10.654			-2.664
156300.000			10.655			-2.664
156401.000			10.655			-2.664
156500.000			10.654			-2.664
156600.000			10.654			-2.664
156701.000			10.654			-2.663
156800.000			10.654			-2.663
156900.000			10.654			-2.664
157002.000			10.653			-2.663
157101.000			10.653			-2.663
157200.000			10.654			-2.663
157301.000			10.654			-2.663
157400.000			10.653			-2.663
157500.000			10.653			-2.663
157601.000			10.653			-2.663
157700.000			10.654			-2.664
157800.000			10.653			-2.663
157902.000			10.652			-2.663
158001.000			10.654			-2.663
158100.000			10.652			-2.663
158200.000			10.652			-2.663
158300.000			10.653			-2.663
158401.000			10.652			-2.663
158500.000			10.651			-2.663
158600.000			10.652			-2.663
158701.000			10.653			-2.663
158801.000			10.652			-2.663
158901.000			10.653			-2.663
159002.000			10.652			-2.663
159100.000			10.651			-2.663
159200.000			10.651			-2.663
159301.000			10.652			-2.663
159400.000			10.652			-2.663
159500.000			10.652			-2.663
159601.000			10.651			-2.663
159700.000			10.651			-2.663
159801.000			10.651			-2.663
159902.000			10.651			-2.663
160000.000			10.652			-2.663
160100.000			10.651			-2.663
160201.000			10.652			-2.663
160300.000			10.651			-2.663
160400.000			10.652			-2.663
160501.000			10.651			-2.663
160600.000			10.651			-2.663
160701.000			10.651			-2.663
160802.000			10.651			-2.663
160900.000			10.651			-2.663
161000.000			10.650			-2.662
161101.000			10.649			-2.662
161200.000			10.649			-2.662
161300.000			10.649			-2.662
161400.000			10.649			-2.662
161500.000			10.650			-2.663
161602.000			10.650			-2.662
161701.000			10.650			-2.662
161800.000			10.650			-2.662
161901.000			10.649			-2.662
162000.000			10.649			-2.662
162100.000			10.649			-2.662
162201.000			10.648			-2.662
162300.000			10.648			-2.662
162400.000			10.650			-2.662
162502.000			10.648			-2.662
162601.000			10.648			-2.662
162701.000			10.649			-2.662
162801.000			10.648			-2.662
162900.000			10.648			-2.662
163000.000			10.649			-2.662
163101.000			10.648			-2.662
163200.000			10.647			-2.662
163300.000			10.648			-2.662
163401.000			10.648			-2.662
163501.000			10.648			-2.662
163601.000			10.647			-2.662
163701.000			10.647			-2.662
163800.000			10.648			-2.662
163900.000			10.648			-2.662
164001.000			10.648			-2.662
164100.000			10.647			-2.662
164200.000			10.647			-2.662
164301.000			10.647			-2.662
164401.000			10.647			-2.662
164502.000			10.647			-2.662
164601.000			10.647			-2.662
164700.000			10.647			-2.662
164801.000			10.646			-2.662
164900.000			10.647			-2.662
165000.000			10.647			-2.662
165101.000			10.646			-2.661
165200.000			10.646			-2.662
165301.000			10.646			-2.662
165402.000			10.646			-2.662
165501.000			10.647			-2.662
165600.000			10.647			-2.662
165701.000			10.647			-2.662
165800.000			10.648			-2.662
165900.000			10.647			-2.662
166001.000			10.646			-2.661
166100.000			10.647			-2.662
166200.000			10.646			-2.661
166302.000			10.646			-2.661
166401.000			10.646			-2.662
166500.000			10.647			-2.662
166601.000			10.646			-2.662
166700.000			10.646			-2.661
166800.000			10.646			-2.662
166901.000			10.645			-2.661
167000.000			10.646			-2.661
167100.000			10.645			-2.661
167202.000			10.645			-2.661
167301.000			10.644			-2.661
167400.000			10.645			-2.661
167501.000			10.644			-2.661
167600.000			10.647			-2.662
167700.000			10.645			-2.661
167800.000			10.644			-2.661
167900.000			10.644			-2.661
168001.000			10.643			-2.661
168101.000			10.642			-2.661
168201.000			10.643			-2.661
168302.000			10.643			-2.661
168400.000			10.643			-2.661
168500.000			10.643			-2.661
168601.000			10.643			-2.661
168700.000			10.642			-2.660
168800.000			10.643			-2.661
168901.000			10.643			-2.661
169001.000			10.643			-2.661
169101.000			10.644			-2.661
169202.000			10.643			-2.661
169300.000			10.643			-2.661
169400.000			10.643			-2.661
169501.000			10.642			-2.661
169600.000			10.642			-2.660
169700.000			10.643			-2.661
169801.000			10.642			-2.660
169900.000			10.641			-2.660
170001.000			10.642			-2.660
170102.000			10.642			-2.660
170200.000			10.642			-2.661
170300.000			10.642			-2.661
170401.000			10.641			-2.660
170500.000			10.641			-2.660
170600.000			10.641			-2.660
170701.000			10.641			-2.660
170801.000			10.641			-2.660
170902.000			10.640			-2.660
171001.000			10.641			-2.660
171100.000			10.641			-2.660
171201.000			10.641			-2.660
171300.000			10.640			-2.660
171400.000			10.640			-2.660
171501.000			10.641			-2.660
171600.000			10.642			-2.661
171700.000			10.642			-2.660
171802.000			10.641			-2.660
171901.000			10.640			-2.660
172000.000			10.641			-2.660
172101.000			10.641			-2.660
172200.000			10.641			-2.660
172300.000			10.640			-2.660
172401.000			10.639			-2.660
172500.000			10.639			-2.660
172600.000			10.639			-2.660
172702.000			10.639			-2.660
172801.000			10.640			-2.660
172901.000			10.640			-2.660
173001.000			10.639			-2.660
173100.000			10.639			-2.660
173200.000			10.640			-2.660
173301.000			10.639			-2.660
173400.000			10.640			-2.660
173500.000			10.640			-2.660
173601.000			10.640			-2.660
173701.000			10.641			-2.660
173801.000			10.640			-2.660
173901.000			10.640			-2.660
174000.000			10.640			-2.660
174100.000			10.640			-2.660
174200.000			10.639			-2.660
174300.000			10.639			-2.660
174401.000			10.638			-2.660
174500.000			10.639			-2.660
174601.000			10.639			-2.660
174702.000			10.639			-2.660
174801.000			10.639			-2.660
174900.000			10.638			-2.660
175001.000			10.639			-2.660
175100.000			10.639			-2.660
175200.000			10.638			-2.660
175301.000			10.639			-2.660
175400.000			10.638			-2.660
175500.000			10.638			-2.659
175602.000			10.638			-2.660
175701.000			10.638			-2.659
175800.000			10.637			-2.659
175901.000			10.638			-2.659
176000.000			10.637			-2.659
176100.000			10.638			-2.659
176201.000			10.638			-2.659
176300.000			10.639			-2.660
176400.000			10.639			-2.660
176502.000			10.638			-2.660
176601.000			10.639			-2.660
176701.000			10.638			-2.660
176801.000			10.637			-2.659
176900.000			10.637			-2.659
177000.000			10.638			-2.659
177101.000			10.639			-2.660
177200.000			10.639			-2.660
177300.000			10.637			-2.659
177400.000			10.636			-2.659
177501.000			10.636			-2.659
177602.000			10.637			-2.659
177701.000			10.637			-2.659
177800.000			10.637			-2.659
177901.000			10.636			-2.659
178000.000			10.636			-2.659
178100.000			10.637			-2.659
178201.000			10.637			-2.659
178300.000			10.636			-2.659
178400.000			10.636			-2.659
178502.000			10.636			-2.659
178601.000			10.636			-2.659
178700.000			10.635			-2.659
178801.000			10.635			-2.659
178900.000			10.636			-2.659
179000.000			10.636			-2.659
179101.000			10.635			-2.659
179200.000			10.635			-2.659
179300.000			10.636			-2.659
179402.000			10.636			-2.659
179501.000			10.636			-2.659
179601.000			10.636			-2.659
179701.000			10.635			-2.659
179800.000			10.635			-2.659
179900.000			10.635			-2.659
180001.000			10.634			-2.659
180100.000			10.634			-2.659
180200.000			10.634			-2.658
180301.000			10.635			-2.659
180401.000			10.635			-2.659
180502.000			10.635			-2.659
180600.000			10.634			-2.658
180700.000			10.634			-2.658
180801.000			10.633			-2.658
180900.000			10.634			-2.658
181000.000			10.635			-2.659
181101.000			10.634			-2.659
181201.000			10.634			-2.658
181301.000			10.635			-2.659
181402.000			10.633			-2.658
181500.000			10.634			-2.658
181600.000			10.634			-2.658
181701.000			10.634			-2.658
181800.000			10.634			-2.658
181900.000			10.633			-2.658
182001.000			10.633			-2.658
182100.000			10.632			-2.658
182201.000			10.632			-2.658
182302.000			10.632			-2.658
182400.000			10.633			-2.658
182500.000			10.634			-2.658
182601.000			10.633			-2.658
182700.000			10.633			-2.658
182800.000			10.633			-2.658
182901.000			10.632			-2.658
183000.000			10.633			-2.658
183101.000			10.633			-2.658
183202.000			10.632			-2.658
183300.000			10.632			-2.658
183400.000			10.632			-2.658
183501.000			10.631			-2.658
183600.000			10.631			-2.658
183700.000			10.631			-2.658
183800.000			10.631			-2.658
183900.000			10.632			-2.658
184002.000			10.632			-2.658
184101.000			10.632			-2.658
184200.000			10.632			-2.658
184301.000			10.632			-2.658
184400.000			10.631			-2.658
184500.000			10.630			-2.657
184601.000			10.630			-2.657
184700.000			10.629			-2.657
184800.000			10.630			-2.658
184902.000			10.630			-2.657
185001.000			10.631			-2.658
185101.000			10.631			-2.658
185201.000			10.631			-2.658
185300.000			10.631			-2.658
185400.000			10.629			-2.657
185501.000			10.629			-2.657
185600.000			10.629			-2.657
185700.000			10.630			-2.658
185801.000			10.630			-2.658
185901.000			10.630			-2.657
186001.000			10.631			-2.658
186101.000			10.631			-2.658
186200.000			10.630			-2.657
186300.000			10.629			-2.657
186401.000			10.630			-2.657
186500.000			10.629			-2.657
186600.000			10.629			-2.657
186701.000			10.630			-2.657
186801.000			10.630			-2.658
186902.000			10.630			-2.657
187001.000			10.629			-2.657
187100.000			10.629			-2.657
187201.000			10.629			-2.657
187300.000			10.629			-2.657
187400.000			10.629			-2.657
187501.000			10.629			-2.657
187600.000			10.630			-2.657
187700.000			10.628			-2.657
187802.000			10.628			-2.657
187901.000			10.629			-2.657
188001.000			10.629			-2.657
188101.000			10.629			-2.657
188200.000			10.628			-2.657
188300.000			10.628			-2.657
188401.000			10.628			-2.657
188500.000			10.628			-2.657
188600.000			10.628			-2.657
188701.000			10.628			-2.657
188801.000			10.629			-2.657
188901.000			10.628			-2.657
189001.000			10.627			-2.657
189100.000			10.628			-2.657
189200.000			10.628			-2.657
189301.000			10.627			-2.657
189400.000			10.627			-2.657
189500.000			10.628			-2.657
189601.000			10.628			-2.657
189701.000			10.628			-2.657
189801.000			10.627			-2.657
189902.000			10.626			-2.657
190000.000			10.627			-2.657
190100.000			10.627			-2.657
190200.000			10.627			-2.657
190300.000			10.626			-2.657
190401.000			10.627			-2.657
190500.000			10.626			-2.657
190600.000			10.625			-2.656
190702.000			10.626			-2.656
190801.000			10.626			-2.656
190901.000			10.627			-2.657
191001.000			10.627			-2.657
191100.000			10.626			-2.656
191200.000			10.626			-2.656
191301.000			10.625			-2.656
191400.000			10.625			-2.656
191500.000			10.626			-2.656
191601.000			10.626			-2.656
191701.000			10.625			-2.656
191801.000			10.625			-2.656
191901.000			10.626			-2.656
192000.000			10.624			-2.656
192100.000			10.623			-2.656
192201.000			10.624			-2.656
192300.000			10.623			-2.656
192400.000			10.623			-2.656
192501.000			10.624			-2.656
192601.000			10.624			-2.656
192701.000			10.625			-2.656
192801.000			10.624			-2.656
192900.000			10.623			-2.656
193000.000			10.623			-2.656
193101.000			10.623			-2.656
193200.000			10.624			-2.656
193300.000			10.623			-2.656
193400.000			10.622			-2.656
193501.000			10.623			-2.656
193602.000			10.624			-2.656
193701.000			10.624			-2.656
193800.000			10.623			-2.656
193901.000			10.623			-2.656
194000.000			10.622			-2.656
194100.000			10.623			-2.656
194201.000			10.622			-2.656
194300.000			10.622			-2.656
194401.000			10.623			-2.656
194502.000			10.622			-2.656
194601.000			10.622			-2.656
194700.000			10.623			-2.656
194801.000			10.623			-2.656
194900.000			10.622			-2.656
195000.000			10.622			-2.656
195101.000			10.622			-2.656
195200.000			10.622			-2.656
195301.000			10.622			-2.656
195402.000			10.622			-2.656
195500.000			10.622			-2.656
195600.000			10.622			-2.655
195701.000			10.622			-2.655
195800.000			10.621			-2.655
195900.000			10.622			-2.655
196001.000			10.622			-2.656
196100.000			10.622			-2.656
196201.000			10.623			-2.656
196302.000			10.622			-2.655
196401.000			10.621			-2.655
196500.000			10.621			-2.655
196600.000			10.621			-2.655
196700.000			10.622			-2.655
196801.000			10.621			-2.655
196900.000			10.620			-2.655
197000.000			10.621			-2.655
197101.000			10.621			-2.655
197201.000			10.620			-2.655
197301.000			10.621			-2.655
197401.000			10.621			-2.655
197500.000			10.621			-2.655
197600.000			10.620			-2.655
197701.000			10.620			-2.655
197800.000			10.621			-2.655
197900.000			10.621			-2.655
198001.000			10.620			-2.655
198101.000			10.620			-2.655
198201.000			10.620			-2.655
198302.000			10.620			-2.655
198400.000			10.620			-2.655
198500.000			10.619			-2.655
198601.000			10.620			-2.655
198700.000			10.619			-2.655
198800.000			10.619			-2.655
198901.000			10.619			-2.655
199000.000			10.619			-2.655
199101.000			10.619			-2.655
199202.000			10.620			-2.655
199300.000			10.620			-2.655
199400.000			10.619			-2.655
199501.000			10.618			-2.655
199600.000			10.618			-2.655
199700.000			10.620			-2.655
199800.000			10.619			-2.655
199900.000			10.619			-2.655
200001.000			10.619			-2.655
200101.000			10.619			-2.655
200201.000			10.618			-2.654
200301.000			10.618			-2.655
200400.000			10.618			-2.655
200500.000			10.618			-2.654
200601.000			10.617			-2.654
200700.000			10.617			-2.654
200800.000			10.617			-2.654
200901.000			10.619			-2.655
201001.000			10.618			-2.654
201101.000			10.617			-2.654
201201.000			10.617			-2.654
201300.000			10.617			-2.654
201400.000			10.617			-2.654
201501.000			10.618			-2.654
201600.000			10.617			-2.654
201700.000			10.617			-2.654
201801.000			10.616			-2.654
201901.000			10.617			-2.654
202001.000			10.617			-2.654
202101.000			10.617			-2.654
202200.000			10.617			-2.654
202300.000			10.617			-2.654
202401.000			10.616			-2.654
202500.000			10.617			-2.654
202600.000			10.617			-2.654
202701.000			10.616			-2.654
202801.000			10.615			-2.654
202902.000			10.615			-2.654
203000.000			10.616			-2.654
203100.000			10.616			-2.654
203201.000			10.616			-2.654
203300.000			10.616			-2.654
203400.000			10.616			-2.654
203501.000			10.616			-2.654
203601.000			10.616			-2.654
203701.000			10.617			-2.654
203802.000			10.616			-2.654
203900.000			10.616			-2.654
204000.000			10.616			-2.654
204101.000			10.615			-2.654
204200.000			10.615			-2.654
204300.000			10.615			-2.654
204401.000			10.614			-2.653
204501.000			10.615			-2.654
204601.000			10.614			-2.653
204702.000			10.614			-2.653
204800.000			10.614			-2.654
204900.000			10.614			-2.654
205001.000			10.615			-2.654
205100.000			10.615			-2.654
205200.000			10.615			-2.654
205301.000			10.614			-2.654
205401.000			10.614			-2.653
205501.000			10.614			-2.654
205601.000			10.614			-2.654
205700.000			10.613			-2.653
205800.000			10.613			-2.653
205901.000			10.614			-2.653
206000.000			10.614			-2.654
206100.000			10.614			-2.654
206200.000			10.613			-2.653
206301.000			10.614			-2.653
206402.000			10.615			-2.654
206500.000			10.614			-2.653
206600.000			10.613			-2.653
206701.000			10.613			-2.653
206800.000			10.614			-2.654
206900.000			10.613			-2.653
207001.000			10.613			-2.653
207100.000			10.613			-2.653
207201.000			10.613			-2.653
207302.000			10.613			-2.653
207400.000			10.614			-2.653
207500.000			10.613			-2.653
207601.000			10.613			-2.653
207700.000			10.613			-2.653
207800.000			10.613			-2.653
207901.000			10.613			-2.653
208000.000			10.612			-2.653
208101.000			10.613			-2.653
208202.000			10.611			-2.653
208300.000			10.611			-2.653
208400.000			10.612			-2.653
208501.000			10.612			-2.653
208600.000			10.611			-2.653
208700.000			10.612			-2.653
208801.000			10.613			-2.653
208901.000			10.612			-2.653
209001.000			10.613			-2.653
209102.000			10.611			-2.653
209200.000			10.611			-2.653
209300.000			10.611			-2.653
209400.000			10.612			-2.653
209500.000			10.612			-2.653
209601.000			10.611			-2.653
209700.000			10.612			-2.653
209801.000			10.611			-2.653
209902.000			10.611			-2.653
210001.000			10.611			-2.653
210100.000			10.611			-2.653
210201.000			10.610			-2.653
210300.000			10.610			-2.653
210400.000			10.611			-2.653
210501.000			10.611			-2.653
210600.000			10.612			-2.653
210701.000			10.612			-2.653
210802.000			10.611			-2.653
210900.000			10.611			-2.653
211000.000			10.610			-2.653
211101.000			10.610			-2.653
211200.000			10.610			-2.653
211300.000			10.610			-2.653
211401.000			10.610			-2.652
211501.000			10.610			-2.652
211601.000			10.609			-2.652
211702.000			10.610			-2.652
211800.000			10.610			-2.652
211900.000			10.610			-2.652
212001.000			10.610			-2.652
212100.000			10.609			-2.652
212200.000			10.609			-2.652
212301.000			10.609			-2.652
212401.000			10.609			-2.652
212502.000			10.609			-2.652
212601.000			10.609			-2.652
212700.000			10.609			-2.652
212801.000			10.609			-2.652
212900.000			10.609			-2.652
213000.000			10.610			-2.653
213101.000			10.609			-2.652
213200.000			10.610			-2.652
213300.000			10.609			-2.652
213402.000			10.609			-2.652
213501.000			10.609			-2.652
213600.000			10.609			-2.652
213701.000			10.607			-2.652
213800.000			10.608			-2.652
213900.000			10.608			-2.652
214001.000			10.609			-2.652
214100.000			10.609			-2.652
214200.000			10.609			-2.652
214302.000			10.608			-2.652
214401.000			10.608			-2.652
214500.000			10.609			-2.652
214601.000			10.608			-2.652
214700.000			10.608			-2.652
214800.000			10.608			-2.652
214901.000			10.608			-2.652
215000.000			10.608			-2.652
215100.000			10.607			-2.652
215202.000			10.608			-2.652
215301.000			10.608			-2.652
215400.000			10.607			-2.652
215501.000			10.608			-2.652
215600.000			10.607			-2.652
215700.000			10.607			-2.652
215800.000			10.607			-2.652
215900.000			10.607			-2.652
216001.000			10.607			-2.652
216101.000			10.607			-2.652
216201.000			10.607			-2.652
216301.000			10.606			-2.652
216400.000			10.605			-2.651
216500.000			10.606			-2.651
216601.000			10.606			-2.652
216700.000			10.606			-2.652
216800.000			10.606			-2.652
216901.000			10.607			-2.652
217001.000			10.606			-2.652
217101.000			10.606			-2.651
217201.000			10.607			-2.652
217300.000			10.605			-2.651
217400.000			10.605			-2.651
217501.000			10.606			-2.652
217600.000			10.606			-2.652
217700.000			10.606			-2.652
217801.000			10.606			-2.652
217901.000			10.605			-2.651
218001.000			10.604			-2.651
218101.000			10.605			-2.651
218200.000			10.606			-2.652
218300.000			10.605			-2.651
218401.000			10.606			-2.652
218500.000			10.605			-2.651
218600.000			10.604			-2.651
218701.000			10.605			-2.651
218801.000			10.605			-2.651
218902.000			10.606			-2.651
219000.000			10.603			-2.651
219100.000			10.604			-2.651
219201.000			10.604			-2.651
219300.000			10.605			-2.651
219400.000			10.605			-2.651
219501.000			10.605			-2.651
219600.000			10.605			-2.651
219701.000			10.604			-2.651
219802.000			10.604			-2.651
219900.000			10.605			-2.651
220000.000			10.605			-2.651
220101.000			10.605			-2.651
220200.000			10.604			-2.651
220300.000			10.604			-2.651
220401.000			10.603			-2.651
220501.000			10.603			-2.651
220601.000			10.603			-2.651
220702.000			10.604			-2.651
220800.000			10.603			-2.651
220900.000			10.604			-2.651
221001.000			10.604			-2.651
221100.000			10.604			-2.651
221200.000			10.603			-2.651
221301.000			10.604			-2.651
221401.000			10.604			-2.651
221501.000			10.603			-2.651
221601.000			10.604			-2.651
221700.000			10.603			-2.651
221800.000			10.604			-2.651
221901.000			10.603			-2.651
222000.000			10.603			-2.651
222100.000			10.603			-2.651
222200.000			10.603			-2.651
222301.000			10.603			-2.651
222402.000			10.603			-2.651
222500.000			10.602			-2.650
222600.000			10.603			-2.651
222701.000			10.603			-2.651
222800.000			10.602			-2.651
222900.000			10.601			-2.650
223001.000			10.602			-2.650
223100.000			10.603			-2.651
223201.000			10.603			-2.651
223302.000			10.602			-2.651
223400.000			10.602			-2.651
223500.000			10.601			-2.650
223601.000			10.601			-2.650
223700.000			10.601			-2.650
223800.000			10.602			-2.650
223901.000			10.603			-2.651
224001.000			10.603			-2.651
224101.000			10.603			-2.651
224202.000			10.602			-2.651
224300.000			10.602			-2.650
224400.000			10.603			-2.651
224501.000			10.602			-2.650
224600.000			10.601			-2.650
224700.000			10.601			-2.650
224801.000			10.601			-2.650
224901.000			10.602			-2.650
225001.000			10.602			-2.650
225102.000			10.601			-2.650
225200.000			10.600			-2.650
225300.000			10.601			-2.650
225400.000			10.601			-2.650
225500.000			10.600			-2.650
225601.000			10.600			-2.650
225700.000			10.600			-2.650
225801.000			10.600			-2.650
225902.000			10.600			-2.650
226001.000			10.601			-2.650
226100.000			10.601			-2.650
226201.000			10.601			-2.650
226300.000			10.601			-2.650
226400.000			10.601			-2.650
226501.000			10.600			-2.650
226600.000			10.600			-2.650
226701.000			10.600			-2.650
226802.000			10.600			-2.650
226901.000			10.599			-2.650
227000.000			10.601			-2.650
227101.000			10.601			-2.650
227200.000			10.600			-2.650
227300.000			10.600			-2.650
227401.000			10.600			-2.650
227500.000			10.599			-2.650
227600.000			10.599			-2.650
227702.000			10.600			-2.650
227801.000			10.600			-2.650
227900.000			10.599			-2.650
228001.000			10.599			-2.650
228100.000			10.599			-2.650
228200.000			10.600			-2.650
228301.000			10.599			-2.650
228400.000			10.599			-2.650
228500.000			10.599			-2.650
228602.000			10.600			-2.650
228701.000			10.600			-2.650
228802.000			10.600			-2.650
228900.000			10.600			-2.650
229000.000			10.599			-2.650
229101.000			10.599			-2.650
229200.000			10.600			-2.650
229300.000			10.599			-2.650
229401.000			10.598			-2.649
229500.000			10.598			-2.649
229601.000			10.598			-2.650
229702.000			10.599			-2.650
229801.000			10.599			-2.650
229900.000			10.599			-2.650
230001.000			10.599			-2.650
230100.000			10.597			-2.649
230200.000			10.598			-2.649
230301.000			10.599			-2.650
230400.000			10.598			-2.650
230500.000			10.597			-2.649
230602.000			10.596			-2.649
230701.000			10.596			-2.649
230800.000			10.596			-2.649
230901.000			10.597			-2.649
231000.000			10.598			-2.649
231100.000			10.597			-2.649
231201.000			10.597			-2.649
231300.000			10.598			-2.649
231400.000			10.597			-2.649
231502.000			10.597			-2.649
231601.000			10.599			-2.650
231700.000			10.599			-2.650
231800.000			10.598			-2.649
231900.000			10.596			-2.649
232001.000			10.598			-2.650
232100.000			10.599			-2.650
232200.000			10.598			-2.649
232301.000			10.598			-2.650
232401.000			10.598			-2.649
232501.000			10.597			-2.649
232601.000			10.597			-2.649
232700.000			10.596			-2.649
232800.000			10.597			-2.649
232901.000			10.596			-2.649
233000.000			10.595			-2.649
233100.000			10.596			-2.649
233201.000			10.596			-2.649
233301.000			10.596			-2.649
233401.000			10.595			-2.649
233502.000			10.597			-2.649
233600.000			10.597			-2.649
233700.000			10.596			-2.649
233801.000			10.596			-2.649
233900.000			10.596			-2.649
234000.000			10.596			-2.649
234101.000			10.596			-2.649
234200.000			10.596			-2.649
234301.000			10.596			-2.649
234402.000			10.595			-2.649
234500.000			10.595			-2.649
234600.000			10.595			-2.649
234701.000			10.594			-2.649
234800.000			10.594			-2.649
234900.000			10.595			-2.649
235000.000			10.594			-2.649
235100.000			10.595			-2.649
235202.000			10.595			-2.649
235301.000			10.595			-2.649
235401.000			10.595			-2.649
235501.000			10.595			-2.649
235600.000			10.595			-2.649
235700.000			10.594			-2.649
235801.000			10.595			-2.649
235900.000			10.595			-2.649
236000.000			10.595			-2.649
236101.000			10.596			-2.649
236201.000			10.595			-2.649
236301.000			10.594			-2.648
236401.000			10.596			-2.649
236500.000			10.594			-2.648
236600.000			10.594			-2.648
236701.000			10.594			-2.649
236800.000			10.594			-2.649
236900.000			10.594			-2.648
237001.000			10.593			-2.648
237101.000			10.594			-2.649
237201.000			10.593			-2.648
237301.000			10.593			-2.648
237400.000			10.593			-2.648
237500.000			10.593			-2.648
237601.000			10.594			-2.648
237700.000			10.593			-2.648
237800.000			10.593			-2.648
237901.000			10.593			-2.648
238001.000			10.594			-2.648
238102.000			10.594			-2.648
238201.000			10.594			-2.648
238300.000			10.593			-2.648
238401.000			10.593			-2.648
238500.000			10.593			-2.648
238600.000			10.594			-2.648
238701.000			10.593			-2.648
238800.000			10.592			-2.648
238901.000			10.592			-2.648
239002.000			10.593			-2.648
239101.000			10.593			-2.648
239200.000			10.594			-2.648
239301.000			10.593			-2.648
239400.000			10.593			-2.648
239500.000			10.592			-2.648
239601.000			10.593			-2.648
239700.000			10.592			-2.648
239800.000			10.592			-2.648
239902.000			10.592			-2.648
240001.000			10.593			-2.648
240100.000			10.592			-2.648
240201.000			10.591			-2.648
240300.000			10.591			-2.648
240400.000			10.592			-2.648
240501.000			10.592			-2.648
240600.000			10.592			-2.648
240700.000			10.591			-2.648
240802.000			10.591			-2.648
240901.000			10.591			-2.648
241000.000			10.591			-2.648
241101.000			10.591			-2.648
241200.000			10.591			-2.648
241300.000			10.591			-2.648
241400.000			10.591			-2.648
241500.000			10.591			-2.648
241601.000			10.591			-2.648
241701.000			10.592			-2.648
241801.000			10.591			-2.648
241901.000			10.591			-2.648
242000.000			10.591			-2.648
242100.000			10.590			-2.648
242201.000			10.591			-2.648
242300.000			10.591			-2.648
242400.000			10.591			-2.648
242501.000			10.592			-2.648
242601.000			10.591			-2.648
242701.000			10.590			-2.648
242802.000			10.591			-2.648
242900.000			10.591			-2.648
243000.000			10.591			-2.648
243101.000			10.590			-2.648
243200.000			10.591			-2.648
243300.000			10.590			-2.648
243401.000			10.591			-2.648
243501.000			10.591			-2.648
243601.000			10.591			-2.648
243702.000			10.591			-2.648
243800.000			10.590			-2.648
243900.000			10.589			-2.647
244001.000			10.590			-2.648
244100.000			10.590			-2.648
244200.000			10.590			-2.647
244301.000			10.589			-2.647
244400.000			10.589			-2.647
244502.000			10.588			-2.647
244601.000			10.589			-2.647
244700.000			10.589			-2.647
244801.000			10.589			-2.647
244900.000			10.589			-2.647
245000.000			10.589			-2.647
245101.000			10.590			-2.647
245200.000			10.589			-2.647
245300.000			10.589			-2.647
245402.000			10.589			-2.647
245501.000			10.589			-2.647
245601.000			10.589			-2.647
245701.000			10.588			-2.647
245800.000			10.588			-2.647
245900.000			10.588			-2.647
246001.000			10.588			-2.647
246100.000			10.588			-2.647
246200.000			10.588			-2.647
246301.000			10.588			-2.647
246401.000			10.588			-2.647
246501.000			10.588			-2.647
246601.000			10.588			-2.647
246700.000			10.589			-2.647
246800.000			10.588			-2.647
246901.000			10.588			-2.647
247000.000			10.589			-2.647
247100.000			10.588			-2.647
247201.000			10.588			-2.647
247301.000			10.588			-2.647
247401.000			10.588			-2.647
247502.000			10.587			-2.647
247600.000			10.587			-2.647
247700.000			10.587			-2.647
247800.000			10.587			-2.647
247900.000			10.588			-2.647
248001.000			10.588			-2.647
248100.000			10.587			-2.647
248200.000			10.587			-2.647
248302.000			10.587			-2.647
248401.000			10.587			-2.647
248501.000			10.588			-2.647
248601.000			10.588			-2.647
248700.000			10.587			-2.647
248800.000			10.586			-2.647
248901.000			10.587			-2.647
249000.000			10.587			-2.647
249100.000			10.586			-2.647
249201.000			10.587			-2.647
249301.000			10.587			-2.647
249401.000			10.588			-2.647
249502.000			10.586			-2.647
249600.000			10.586			-2.647
249700.000			10.586			-2.646
249801.000			10.585			-2.646
249900.000			10.586			-2.646
250000.000			10.587			-2.647
250101.000			10.586			-2.646
250200.000			10.586			-2.646
250301.000			10.585			-2.646
250402.000			10.586			-2.647
250500.000			10.586			-2.646
250600.000			10.586			-2.646
250701.000			10.586			-2.646
250800.000			10.585			-2.646
250900.000			10.585			-2.646
251000.000			10.586			-2.647
251100.000			10.585			-2.646
251202.000			10.585			-2.646
251301.000			10.585			-2.646
251400.000			10.585			-2.646
251501.000			10.584			-2.646
251600.000			10.585			-2.646
251700.000			10.584			-2.646
251801.000			10.585			-2.646
251900.000			10.585			-2.646
252000.000			10.585			-2.646
252102.000			10.584			-2.646
252201.000			10.585			-2.646
252300.000			10.584			-2.646
252401.000			10.584			-2.646
252500.000			10.584			-2.646
252600.000			10.585			-2.646
252701.000			10.586			-2.647
252800.000			10.585			-2.646
252900.000			10.585			-2.646
253002.000			10.584			-2.646
253101.000			10.585			-2.646
253201.000			10.585			-2.646
253301.000			10.585			-2.646
253400.000			10.585			-2.646
253500.000			10.584			-2.646
253601.000			10.584			-2.646
253700.000			10.585			-2.646
253800.000			10.583			-2.646
253901.000			10.583			-2.646
254001.000			10.584			-2.646
254102.000			10.583			-2.646
254200.000			10.583			-2.646
254300.000			10.584			-2.646
254401.000			10.584			-2.646
254500.000			10.583			-2.646
254600.000			10.583			-2.646
254701.000			10.583			-2.646
254800.000			10.583			-2.646
254901.000			10.583			-2.646
255002.000			10.583			-2.646
255101.000			10.583			-2.646
255200.000			10.583			-2.646
255301.000			10.583			-2.646
255400.000			10.583			-2.646
255500.000			10.584			-2.646
255601.000			10.584			-2.646
255700.000			10.583			-2.646
255801.000			10.582			-2.646
255902.000			10.583			-2.646
256001.000			10.583			-2.646
256100.000			10.583			-2.646
256201.000			10.583			-2.646
256300.000			10.583			-2.646
256400.000			10.584			-2.646
256501.000			10.583			-2.646
256600.000			10.582			-2.645
256700.000			10.581			-2.645
256802.000			10.582			-2.646
256901.000			10.583			-2.646
257000.000			10.583			-2.646
257101.000			10.582			-2.645
257200.000			10.582			-2.646
257300.000			10.582			-2.645
257400.000			10.582			-2.645
257500.000			10.582			-2.645
257601.000			10.583			-2.646
257701.000			10.582			-2.646
257801.000			10.581			-2.645
257901.000			10.582			-2.646
258000.000			10.583			-2.646
258100.000			10.582			-2.645
258201.000			10.582			-2.645
258300.000			10.582			-2.645
258400.000			10.581			-2.645
258501.000			10.581			-2.645
258601.000			10.581			-2.645
258701.000			10.582			-2.645
258802.000			10.583			-2.646
258900.000			10.581			-2.645
259000.000			10.581			-2.645
259101.000			10.581			-2.645
259200.000			10.581			-2.645
259300.000			10.582			-2.645
259401.000			10.583			-2.646
259500.000			10.581			-2.645
259601.000			10.580			-2.645
259702.000			10.581			-2.645
259801.000			10.580			-2.645
259900.000			10.581			-2.645
260001.000			10.581			-2.645
260100.000			10.580			-2.645
260200.000			10.580			-2.645
260301.000			10.581			-2.645
260400.000			10.580			-2.645
260502.000			10.579			-2.645
260601.000			10.580			-2.645
260701.000			10.581			-2.645
260801.000			10.580			-2.645
260900.000			10.580			-2.645
261000.000			10.580			-2.645
261101.000			10.579			-2.645
261200.000			10.578			-2.645
261300.000			10.580			-2.645
261401.000			10.580			-2.645
261501.000			10.580			-2.645
261601.000			10.580			-2.645
261701.000			10.579			-2.645
261800.000			10.579			-2.645
261900.000			10.580			-2.645
262001.000			10.580			-2.645
262100.000			10.580			-2.645
262200.000			10.578			-2.645
262301.000			10.578			-2.644
262401.000			10.580			-2.645
262501.000			10.580			-2.645
262601.000			10.579			-2.645
262700.000			10.579			-2.645
262800.000			10.579			-2.645
262901.000			10.579			-2.645
263000.000			10.579			-2.645
263100.000			10.578			-2.644
263201.000			10.578			-2.644
263301.000			10.577			-2.644
263401.000			10.579			-2.645
263502.000			10.578			-2.645
263600.000			10.579			-2.645
263700.000			10.580			-2.645
263800.000			10.579			-2.645
263900.000			10.578			-2.645
264001.000			10.578			-2.644
264100.000			10.579			-2.645
264200.000			10.578			-2.645
264302.000			10.578			-2.644
264401.000			10.578			-2.644
264501.000			10.577			-2.644
264601.000			10.579			-2.645
264700.000			10.578			-2.645
264800.000			10.577			-2.644
264901.000			10.578			-2.644
265000.000			10.578			-2.645
265100.000			10.577			-2.644
265201.000			10.578			-2.645
265301.000			10.578			-2.644
265401.000			10.578			-2.645
265501.000			10.579			-2.645
265600.000			10.578			-2.644
265700.000			10.578			-2.644
265801.000			10.578			-2.644
265900.000			10.577			-2.644
266000.000			10.578			-2.644
266101.000			10.577			-2.644
266201.000			10.577			-2.644
266301.000			10.578			-2.644
266402.000			10.579			-2.645
266500.000			10.579			-2.645
266600.000			10.579			-2.645
266701.000			10.578			-2.645
266800.000			10.578			-2.644
266900.000			10.578			-2.645
267000.000			10.578			-2.645
267100.000			10.578			-2.645
267202.000			10.578			-2.644
267301.000			10.577			-2.644
267400.000			10.577			-2.644
267501.000			10.578			-2.644
267600.000			10.577			-2.644
267700.000			10.577			-2.644
267801.000			10.577			-2.644
267900.000			10.577			-2.644
268000.000			10.577			-2.644
268102.000			10.577			-2.644
268201.000			10.577			-2.644
268301.000			10.576			-2.644
268401.000			10.577			-2.644
268500.000			10.577			-2.644
268600.000			10.577			-2.644
268701.000			10.577			-2.644
268800.000			10.577			-2.644
268900.000			10.577			-2.644
269001.000			10.578			-2.644
269101.000			10.578			-2.645
269201.000			10.578			-2.644
269302.000			10.577			-2.644
269400.000			10.576			-2.644
269500.000			10.578			-2.645
269601.000			10.578			-2.644
269700.000			10.576			-2.644
269800.000			10.576			-2.644
269901.000			10.576			-2.644
270000.000			10.576			-2.644
270102.000			10.576			-2.644
270201.000			10.577			-2.644
270301.000			10.577			-2.644
270401.000			10.577			-2.644
270500.000			10.576			-2.644
270600.000			10.576			-2.644
270701.000			10.575			-2.644
270800.000			10.575			-2.644
270900.000			10.575			-2.644
271002.000			10.576			-2.644
271101.000			10.575			-2.644
271201.000			10.576			-2.644
271301.000			10.577			-2.644
271400.000			10.575			-2.644
271500.000			10.574			-2.644
271601.000			10.575			-2.644
271700.000			10.576			-2.644
271800.000			10.575			-2.644
271901.000			10.575			-2.644
272001.000			10.573			-2.643
272101.000			10.574			-2.644
272201.000			10.575			-2.644
272300.000			10.575			-2.644
272400.000			10.574			-2.644
272501.000			10.575			-2.644
272600.000			10.574			-2.644
272700.000			10.574			-2.644
272801.000			10.573			-2.643
272901.000			10.574			-2.643
273001.000			10.574			-2.644
273101.000			10.573			-2.643
273200.000			10.574			-2.643
273300.000			10.574			-2.643
273400.000			10.572			-2.643
273500.000			10.573			-2.643
273601.000			10.574			-2.644
273700.000			10.575			-2.644
273801.000			10.574			-2.643
273902.000			10.573			-2.643
274001.000			10.573			-2.643
274100.000			10.573			-2.643
274201.000			10.573			-2.643
274300.000			10.573			-2.643
274400.000			10.574			-2.643
274501.000			10.574			-2.643
274600.000			10.573			-2.643
274701.000			10.573			-2.643
274802.000			10.573			-2.643
274901.000			10.573			-2.643
275000.000			10.573			-2.643
275101.000			10.572			-2.643
275200.000			10.572			-2.643
275300.000			10.570			-2.643
275401.000			10.572			-2.643
275500.000			10.573			-2.643
275600.000			10.572			-2.643
275702.000			10.572			-2.643
275801.000			10.572			-2.643
275900.000			10.571			-2.643
276001.000			10.571			-2.643
276100.000			10.572			-2.643
276200.000			10.571			-2.643
276301.000			10.570			-2.643
276400.000			10.571			-2.643
276500.000			10.570			-2.642
276602.000			10.570			-2.642
276701.000			10.571			-2.643
276801.000			10.571			-2.643
276900.000			10.571			-2.643
277000.000			10.570			-2.643
277101.000			10.570			-2.643
277200.000			10.571			-2.643
277300.000			10.571			-2.643
277401.000			10.571			-2.643
277501.000			10.571			-2.643
277601.000			10.571			-2.643
277702.000			10.571			-2.643
277800.000			10.571			-2.643
277900.000			10.570			-2.643
278001.000			10.569			-2.642
278100.000			10.570			-2.642
278200.000			10.570			-2.642
278301.000			10.570			-2.643
278401.000			10.569			-2.642
278501.000			10.569			-2.642
278602.000			10.569			-2.642
278700.000			10.570			-2.642
278800.000			10.570			-2.643
278901.000			10.571			-2.643
279000.000			10.570			-2.642
279100.000			10.570			-2.643
279201.000			10.570			-2.642
279300.000			10.570			-2.643
279401.000			10.571			-2.643
279502.000			10.571			-2.643
279601.000			10.570			-2.643
279700.000			10.570			-2.643
279800.000			10.570			-2.642
279900.000			10.570			-2.642
280001.000			10.571			-2.643
280100.000			10.570			-2.643
280200.000			10.571			-2.643
280301.000			10.571			-2.643
280401.000			10.570			-2.642
280501.000			10.571			-2.643
280601.000			10.570			-2.643
280700.000			10.569			-2.642
280800.000			10.570			-2.643
280901.000			10.570			-2.643
281000.000			10.570			-2.642
281100.000			10.570			-2.643
281201.000			10.570			-2.642
281301.000			10.570			-2.643
281401.000			10.570			-2.642
281501.000			10.570			-2.642
281600.000			10.570			-2.643
281700.000			10.570			-2.642
281801.000			10.570			-2.642
281900.000			10.570			-2.643
282000.000			10.570			-2.642
282101.000			10.570			-2.642
282201.000			10.570			-2.642
282301.000			10.570			-2.643
282401.000			10.569			-2.642
282500.000			10.568			-2.642
282600.000			10.568			-2.642
282701.000			10.569			-2.642
282800.000			10.569			-2.642
282900.000			10.568			-2.642
283000.000			10.569			-2.642
283100.000			10.569			-2.642
283202.000			10.568			-2.642
283301.000			10.569			-2.642
283400.000			10.568			-2.642
283501.000			10.568			-2.642
283600.000			10.568			-2.642
283700.000			10.568			-2.642
283801.000			10.568			-2.642
283900.000			10.567			-2.642
284000.000			10.567			-2.642
284102.000			10.568			-2.642
284201.000			10.568			-2.642
284301.000			10.568			-2.642
284401.000			10.568			-2.642
284500.000			10.567			-2.642
284600.000			10.567			-2.642
284701.000			10.567			-2.642
284800.000			10.567			-2.642
284900.000			10.567			-2.642
285001.000			10.567			-2.642
285101.000			10.568			-2.642
285201.000			10.567			-2.642
285301.000			10.567			-2.642
285400.000			10.567			-2.642
285500.000			10.567			-2.642
285601.000			10.567			-2.642
285700.000			10.566			-2.641
285800.000			10.566			-2.642
285901.000			10.567			-2.642
286001.000			10.567			-2.642
286102.000			10.567			-2.642
286201.000			10.567			-2.642
286300.000			10.566			-2.642
286401.000			10.567			-2.642
286500.000			10.566			-2.642
286600.000			10.566			-2.641
286701.000			10.566			-2.641
286800.000			10.566			-2.642
286900.000			10.567			-2.642
287002.000			10.565			-2.641
287101.000			10.565			-2.641
287201.000			10.566			-2.641
287301.000			10.565			-2.641
287400.000			10.566			-2.641
287500.000			10.566			-2.641
287601.000			10.566			-2.641
287700.000			10.566			-2.642
287800.000			10.566			-2.642
287901.000			10.566			-2.642
288001.000			10.566			-2.642
288101.000			10.565			-2.641
288201.000			10.565			-2.641
288300.000			10.565			-2.641
288400.000			10.566			-2.641
288501.000			10.565			-2.641
288600.000			10.565			-2.641
288700.000			10.565			-2.641
288801.000			10.566			-2.642
288901.000			10.567			-2.642
289001.000			10.566			-2.642
289102.000			10.566			-2.641
289200.000			10.564			-2.641
289300.000			10.565			-2.641
289400.000			10.566			-2.641
289500.000			10.565			-2.641
289601.000			10.565			-2.641
289700.000			10.565			-2.641
289800.000			10.565			-2.641
289902.000			10.566			-2.642
290001.000			10.565			-2.641
290101.000			10.566			-2.641
290201.000			10.564			-2.641
290300.000			10.564			-2.641
290400.000			10.565			-2.641
290501.000			10.565			-2.641
290600.000			10.565			-2.641
290700.000			10.565			-2.641
290802.000			10.564			-2.641
290901.000			10.564			-2.641
291001.000			10.564			-2.641
291101.000			10.565			-2.641
291200.000			10.564			-2.641
291300.000			10.564			-2.641
291401.000			10.564			-2.641
291500.000			10.564			-2.641
291600.000			10.564			-2.641
291702.000			10.564			-2.641
291801.000			10.565			-2.641
291901.000			10.565			-2.641
292001.000			10.564			-2.641
292100.000			10.564			-2.641
292200.000			10.564			-2.641
292301.000			10.563			-2.641
292400.000			10.564			-2.641
292500.000			10.564			-2.641
292600.000			10.564			-2.641
292701.000			10.564			-2.641
292802.000			10.563			-2.641
292900.000			10.564			-2.641
293000.000			10.563			-2.641
293101.000			10.563			-2.641
293200.000			10.563			-2.641
293300.000			10.563			-2.641
293401.000			10.562			-2.641
293500.000			10.563			-2.641
293601.000			10.562			-2.641
293702.000			10.562			-2.641
293801.000			10.563			-2.641
293900.000			10.563			-2.641
294001.000			10.563			-2.641
294100.000			10.563			-2.641
294200.000			10.564			-2.641
294301.000			10.563			-2.641
294400.000			10.562			-2.640
294500.000			10.562			-2.640
294602.000			10.562			-2.641
294701.000			10.561			-2.640
294800.000			10.562			-2.640
294901.000			10.562			-2.641
295000.000			10.562			-2.641
295100.000			10.561			-2.640
295201.000			10.562			-2.640
295300.000			10.563			-2.641
295400.000			10.563			-2.641
295502.000			10.563			-2.641
295601.000			10.562			-2.640
295700.000			10.562			-2.641
295800.000			10.562			-2.640
295900.000			10.562			-2.640
296001.000			10.563			-2.641
296100.000			10.562			-2.641
296200.000			10.562			-2.641
296301.000			10.561			-2.640
296401.000			10.561			-2.640
296501.000			10.561			-2.640
296601.000			10.561			-2.640
296700.000			10.561			-2.640
296800.000			10.561			-2.640
296901.000			10.561			-2.640
297000.000			10.562			-2.640
297100.000			10.562			-2.641
297201.000			10.561			-2.640
297301.000			10.561			-2.640
297401.000			10.562			-2.640
297502.000			10.562			-2.641
297600.000			10.562			-2.640
297700.000			10.562			-2.640
297801.000			10.561			-2.640
297900.000			10.561			-2.640
298000.000			10.561			-2.640
298101.000			10.561			-2.640
298200.000			10.561			-2.640
298301.000			10.561			-2.640
298402.000			10.560			-2.640
298500.000			10.561			-2.640
298600.000			10.561			-2.640
298701.000			10.561			-2.640
298800.000			10.561			-2.640
298900.000			10.561			-2.640
299000.000			10.560			-2.640
299100.000			10.560			-2.640
299202.000			10.560			-2.640
299301.000			10.561			-2.640
299401.000			10.560			-2.640
299501.000			10.560			-2.640
299600.000			10.560			-2.640
299700.000			10.560			-2.640
299801.000			10.561			-2.640
299900.000			10.561			-2.640
