# Acquired on 21/12/2023 17:44:19 
# SPIDER: Statica_07714532C-2
# STATIC MEASUREMENT

# pos [mm]		dev_pos [mm]		force_forw [N]		dev_force_forw [N]		pos_back [mm]		dev_p_back [mm]		f_forw_back [N]		dev_f_forw_back [N]		
-10.97656			0.00000			44.30924			0.00000			-10.97412			0.00000			43.66007			0.00000
-10.72021			0.00000			42.27710			0.00000			-10.72266			0.00000			40.46029			0.00000
-10.47607			0.00000			40.45210			0.00000			-10.47607			0.00000			37.64196			0.00000
-10.22217			0.00000			38.64619			0.00000			-10.22217			0.00000			35.08664			0.00000
-9.98779			0.00000			37.00714			0.00000			-9.98779			0.00000			32.87657			0.00000
-9.72900			0.00000			35.20119			0.00000			-9.73145			0.00000			30.63723			0.00000
-9.48730			0.00000			33.61478			0.00000			-9.48730			0.00000			28.70962			0.00000
-9.22607			0.00000			31.87767			0.00000			-9.23096			0.00000			26.78206			0.00000
-8.98682			0.00000			30.30785			0.00000			-8.98926			0.00000			25.09117			0.00000
-8.72803			0.00000			28.62509			0.00000			-8.73047			0.00000			23.41774			0.00000
-8.48633			0.00000			27.08833			0.00000			-8.48877			0.00000			21.94542			0.00000
-8.23242			0.00000			25.52317			0.00000			-8.23242			0.00000			20.51000			0.00000
-7.98584			0.00000			24.05708			0.00000			-7.98828			0.00000			19.22095			0.01398
-7.73438			0.00000			22.61011			0.00000			-7.73438			0.00000			17.97483			0.01146
-7.48779			0.00000			21.25581			0.00000			-7.49023			0.00000			16.83262			0.00846
-7.23389			0.00000			19.93166			0.00000			-7.23389			0.00000			15.73675			0.00885
-6.98975			0.00000			18.75015			0.00000			-6.98975			0.00000			14.75246			0.00737
-6.73340			0.00000			17.55355			0.00000			-6.73584			0.00000			13.77725			0.00901
-6.48926			0.00000			16.48825			0.00000			-6.48926			0.00000			12.91340			0.00485
-6.23535			0.00000			15.41833			0.00000			-6.23779			0.00000			12.05208			0.00384
-5.98877			0.00000			14.44630			0.00000			-5.98877			0.00000			11.26563			0.00372
-5.73731			0.00000			13.49616			0.00000			-5.73731			0.00000			10.51846			0.00207
-5.48828			0.00000			12.59810			0.00000			-5.48828			0.00000			9.81240			0.00184
-5.23682			0.00000			11.74942			0.00000			-5.23682			0.00000			9.15141			0.00297
-4.99023			0.00000			10.95055			0.01357			-4.99023			0.00000			8.54299			0.00364
-4.73633			0.00000			10.17926			0.01234			-4.73633			0.00000			7.95510			0.00555
-4.48975			0.00000			9.47938			0.01223			-4.48975			0.00000			7.41624			0.01003
-4.23584			0.00000			8.78089			0.01225			-4.23584			0.00000			6.88028			0.00848
-3.98926			0.00000			8.14243			0.00801			-3.98926			0.00000			6.39232			0.01090
-3.73535			0.00000			7.50267			0.00934			-3.73535			0.00000			5.90229			0.00687
-3.48877			0.00000			6.91329			0.00749			-3.48877			0.00000			5.45280			0.00768
-3.23731			0.00000			6.32623			0.00453			-3.23731			0.00000			5.00948			0.01562
-2.98828			0.00000			5.78281			0.00484			-2.98828			0.00000			4.59616			0.00000
-2.73682			0.00000			5.24147			0.00269			-2.73682			0.00000			4.18707			0.00000
-2.49023			0.00000			4.73538			0.00386			-2.49023			0.00000			3.82058			0.00000
-2.23633			0.00000			4.23160			0.00186			-2.23633			0.00000			3.45478			0.00000
-1.99023			0.00109			3.74962			0.00143			-1.99023			0.00109			3.09850			0.00000
-1.73584			0.00000			3.26635			0.00098			-1.73584			0.00000			2.74003			0.00000
-1.49170			0.00000			2.80862			0.00212			-1.49170			0.00000			2.40035			0.00000
-1.23779			0.00000			2.33821			0.00186			-1.23779			0.00000			2.04926			0.00000
-0.98926			0.00109			1.87738			0.00153			-0.98877			0.00000			1.70144			0.00000
-0.73926			0.00109			1.41179			0.00327			-0.73730			0.00000			1.35087			0.00000
-0.48926			0.00134			0.94031			0.00410			-0.48877			0.00109			0.99546			0.00000
-0.23730			0.00109			0.44768			0.00606			-0.23438			0.00000			0.61855			0.00000
0.23438			0.00000			-0.42729			0.00458			0.23633			0.00109			-0.08686			0.00000
0.48096			0.00000			-0.87370			0.00393			0.48096			0.00000			-0.45341			0.00000
0.73486			0.00000			-1.34450			0.00374			0.73486			0.00000			-0.82886			0.00000
0.98193			0.00109			-1.81139			0.00634			0.98193			0.00109			-1.19856			0.00000
1.23535			0.00000			-2.29963			0.00524			1.23535			0.00000			-1.58178			0.00000
1.48389			0.00109			-2.79916			0.00587			1.48389			0.00109			-1.96779			0.00000
1.73340			0.00000			-3.32079			0.00456			1.73340			0.00000			-2.36958			0.00000
1.98486			0.00000			-3.86114			0.00720			1.98486			0.00000			-2.78347			0.00000
2.23438			0.00109			-4.42390			0.00955			2.23486			0.00134			-3.21001			0.00000
2.48438			0.00134			-5.01144			0.00918			2.48438			0.00134			-3.64898			0.00000
2.73560			0.00173			-5.63347			0.00154			2.73438			0.00000			-4.10568			0.00000
2.98096			0.00000			-6.26895			0.00909			2.98096			0.00000			-4.58807			0.00000
3.23731			0.00000			-6.95394			0.01380			3.23731			0.00000			-5.10864			0.01568
3.48144			0.00000			-7.63353			0.01402			3.48267			0.00173			-5.62922			0.00851
3.73779			0.00000			-8.37952			0.01720			3.73779			0.00000			-6.20495			0.01167
3.98193			0.00000			-9.12979			0.01715			3.98193			0.00000			-6.78561			0.00722
4.23340			0.00000			-9.94218			0.01918			4.23340			0.00000			-7.41077			0.00718
4.48242			0.00000			-10.78188			0.01866			4.48364			0.00173			-8.06023			0.00635
4.73389			0.00000			-11.66604			0.01679			4.73389			0.00000			-8.73843			0.00551
4.98291			0.00000			-12.58239			0.01770			4.98291			0.00000			-9.43990			0.00436
5.23438			0.00000			-13.55971			0.00000			5.23438			0.00000			-10.18308			0.00326
5.48096			0.00000			-14.57666			0.00000			5.48096			0.00000			-10.96529			0.00036
5.73486			0.00000			-15.64045			0.00000			5.73486			0.00000			-11.80513			0.00240
5.98144			0.00000			-16.72751			0.00000			5.98144			0.00000			-12.66319			0.00376
6.23535			0.00000			-17.90755			0.00000			6.23535			0.00000			-13.60356			0.00515
6.48193			0.00000			-19.10300			0.00000			6.48193			0.00000			-14.57069			0.00643
6.73340			0.00000			-20.39209			0.00000			6.73096			0.00000			-15.59703			0.00952
6.98242			0.00000			-21.70020			0.00000			6.98242			0.00000			-16.67087			0.00787
7.23144			0.00000			-23.09622			0.00000			7.23144			0.00000			-17.81909			0.00863
7.48047			0.00000			-24.56264			0.00000			7.48291			0.00000			-19.03527			0.01164
7.73193			0.00000			-26.10176			0.00000			7.73193			0.00000			-20.33073			0.01308
7.97852			0.00000			-27.67384			0.00000			7.97852			0.00000			-21.67641			0.01710
8.23242			0.00000			-29.32267			0.00000			8.23242			0.00000			-23.12139			0.00000
8.47656			0.00000			-30.97843			0.00000			8.47900			0.00000			-24.62685			0.00000
8.73047			0.00000			-32.73846			0.00000			8.73291			0.00000			-26.31244			0.00000
8.97705			0.00000			-34.47607			0.00000			8.97705			0.00000			-28.03697			0.00000
9.22607			0.00000			-36.26311			0.00000			9.22852			0.00000			-29.94216			0.00000
9.47510			0.00000			-38.03289			0.00000			9.47754			0.00000			-31.95919			0.00000
9.72900			0.00000			-39.80093			0.00000			9.72900			0.00000			-34.12277			0.00000
9.97559			0.00000			-41.57521			0.00000			9.97803			0.00000			-36.47815			0.00000
10.22949			0.00000			-43.44903			0.00000			10.22949			0.00000			-39.04220			0.00000
10.47363			0.00000			-45.28689			0.00000			10.47607			0.00000			-41.78500			0.00000
10.72754			0.00000			-47.28051			0.00000			10.72754			0.00000			-44.91725			0.00000
10.97168			0.00000			-49.28143			0.00000			10.97412			0.00000			-48.42642			0.00000
