-11.00000   0.00000  30.66135   0.00000 -11.00000   0.00000  30.45200   0.00000 
-10.75000   0.00000  29.92899   0.00000 -10.75000   0.00000  29.34643   0.00000 
-10.50000   0.00000  29.13753   0.00000 -10.50000   0.00000  28.30192   0.00000 
-10.25000   0.00000  28.37567   0.00000 -10.25000   0.00000  27.33706   0.00000 
-10.00000   0.00000  27.57663   0.00000 -10.00000   0.00000  26.39015   0.00000 
 -9.75000   0.00000  26.80765   0.00000  -9.75000   0.00000  25.50153   0.00000 
 -9.50000   0.00000  26.01634   0.00000  -9.50000   0.00000  24.61660   0.00000 
 -9.25000   0.00000  25.28982   0.00000  -9.25000   0.00000  23.79232   0.00000 
 -9.00000   0.00000  24.50080   0.00000  -9.00000   0.00000  22.97730   0.00000 
 -8.75000   0.00000  23.77164   0.00000  -8.75000   0.00000  22.18685   0.00000 
 -8.50000   0.00000  23.00771   0.00000  -8.50000   0.00000  21.39799   0.00000 
 -8.25000   0.00000  22.29802   0.00000  -8.25000   0.00000  20.65226   0.00000 
 -8.00000   0.00000  21.54043   0.00000  -8.00000   0.00000  19.89991   0.00000 
 -7.75000   0.00000  20.85711   0.00000  -7.75000   0.00000  19.17399   0.00000 
 -7.50000   0.00000  20.12070   0.00000  -7.50000   0.00000  18.44070   0.00000 
 -7.25000   0.00000  19.39870   0.00000  -7.25000   0.00000  17.74740   0.00000 
 -7.00000   0.00000  18.67783   0.00000  -7.00000   0.00000  17.02309   0.00000 
 -6.75000   0.00000  17.99176   0.00000  -6.75000   0.00000  16.34256   0.00000 
 -6.50000   0.00000  17.26544   0.00000  -6.50000   0.00000  15.64116   0.00000 
 -6.25000   0.00000  16.58169   0.00000  -6.25000   0.00000  14.97415   0.00000 
 -6.00000   0.00000  15.86107   0.00000  -6.00000   0.00000  14.28739   0.00000 
 -5.75000   0.00000  15.17951   0.00000  -5.75000   0.00000  13.63521   0.00000 
 -5.50000   0.00000  14.48400   0.00000  -5.50000   0.00000  12.95823   0.00000 
 -5.25000   0.00000  13.80744   0.00000  -5.25000   0.00000  12.32716   0.00000 
 -5.00000   0.00000  13.11834   0.00000  -5.00000   0.00000  11.66664   0.00000 
 -4.75000   0.00000  12.44595   0.00000  -4.75000   0.00000  11.04010   0.00000 
 -4.50000   0.00000  11.74873   0.00000  -4.50000   0.00000  10.39026   0.00000 
 -4.25000   0.00000  11.07946   0.00000  -4.25000   0.00000   9.76925   0.00000 
 -4.00000   0.00000  10.39255   0.00000  -4.00000   0.00000   9.14070   0.00000 
 -3.75000   0.00000   9.73944   0.00000  -3.75000   0.00000   8.53346   0.00000 
 -3.50000   0.00000   9.06202   0.00000  -3.50000   0.00000   7.90619   0.00000 
 -3.25000   0.00000   8.41329   0.00000  -3.25000   0.00000   7.32311   0.00000 
 -3.00000   0.00000   7.74314   0.00000  -3.00000   0.00000   6.70011   0.00000 
 -2.75000   0.00000   7.09898   0.00000  -2.75000   0.00000   6.11977   0.00000 
 -2.50000   0.00000   6.43878   0.00000  -2.50000   0.00000   5.52578   0.00000 
 -2.25000   0.00000   5.79364   0.00000  -2.25000   0.00000   4.95034   0.00000 
 -2.00000   0.00000   5.14365   0.00000  -2.00000   0.00000   4.37326   0.00000 
 -1.75000   0.00000   4.49708   0.00000  -1.75000   0.00000   3.79594   0.00000 
 -1.50000   0.00000   3.85023   0.00000  -1.50000   0.00000   3.22854   0.00000 
 -1.25000   0.00000   3.21745   0.00000  -1.25000   0.00000   2.68494   0.00000 
 -1.00000   0.00000   2.56447   0.00000  -1.00000   0.00000   2.11815   0.00000 
 -0.75000   0.00000   1.94708   0.00000  -0.75000   0.00000   1.58421   0.00000 
 -0.50000   0.00000   1.29842   0.00000  -0.50000   0.00000   1.02249   0.00000 
 -0.25000   0.00000   0.64109   0.00000  -0.25000   0.00000   0.47829   0.00000 
  0.25000   0.00000  -0.63617   0.00000   0.25000   0.00000  -0.66870   0.00000 
  0.50000   0.00000  -1.28410   0.00000   0.50000   0.00000  -1.23954   0.00000 
  0.75000   0.00000  -1.94819   0.00000   0.75000   0.00000  -1.80078   0.00000 
  1.00000   0.00000  -2.58466   0.00000   1.00000   0.00000  -2.34490   0.00000 
  1.25000   0.00000  -3.23629   0.00000   1.25000   0.00000  -2.89707   0.00000 
  1.50000   0.00000  -3.88377   0.00000   1.50000   0.00000  -3.45456   0.00000 
  1.75000   0.00000  -4.53519   0.00000   1.75000   0.00000  -4.01854   0.00000 
  2.00000   0.00000  -5.18053   0.00000   2.00000   0.00000  -4.57855   0.00000 
  2.25000   0.00000  -5.84495   0.00000   2.25000   0.00000  -5.15517   0.00000 
  2.50000   0.00000  -6.49183   0.00000   2.50000   0.00000  -5.73230   0.00000 
  2.75000   0.00000  -7.16077   0.00000   2.75000   0.00000  -6.32903   0.00000 
  3.00000   0.00000  -7.82401   0.00000   3.00000   0.00000  -6.90841   0.00000 
  3.25000   0.00000  -8.49851   0.00000   3.25000   0.00000  -7.52025   0.00000 
  3.50000   0.00000  -9.17082   0.00000   3.50000   0.00000  -8.11758   0.00000 
  3.75000   0.00000  -9.84871   0.00000   3.75000   0.00000  -8.73289   0.00000 
  4.00000   0.00000 -10.53457   0.00000   4.00000   0.00000  -9.34882   0.00000 
  4.25000   0.00000 -11.20952   0.00000   4.25000   0.00000  -9.97506   0.00000 
  4.50000   0.00000 -11.89789   0.00000   4.50000   0.00000 -10.60110   0.00000 
  4.75000   0.00000 -12.57794   0.00000   4.75000   0.00000 -11.23966   0.00000 
  5.00000   0.00000 -13.26134   0.00000   5.00000   0.00000 -11.87276   0.00000 
  5.25000   0.00000 -13.96899   0.00000   5.25000   0.00000 -12.51785   0.00000 
  5.50000   0.00000 -14.64887   0.00000   5.50000   0.00000 -13.16487   0.00000 
  5.75000   0.00000 -15.36599   0.00000   5.75000   0.00000 -13.83721   0.00000 
  6.00000   0.00000 -16.07038   0.00000   6.00000   0.00000 -14.48587   0.00000 
  6.25000   0.00000 -16.79389   0.00000   6.25000   0.00000 -15.18273   0.00000 
  6.50000   0.00000 -17.51406   0.00000   6.50000   0.00000 -15.86839   0.00000 
  6.75000   0.00000 -18.24725   0.00000   6.75000   0.00000 -16.58434   0.00000 
  7.00000   0.00000 -18.99132   0.00000   7.00000   0.00000 -17.29536   0.00000 
  7.25000   0.00000 -19.73677   0.00000   7.25000   0.00000 -18.03320   0.00000 
  7.50000   0.00000 -20.47748   0.00000   7.50000   0.00000 -18.75342   0.00000 
  7.75000   0.00000 -21.27757   0.00000   7.75000   0.00000 -19.53894   0.00000 
  8.00000   0.00000 -22.03519   0.00000   8.00000   0.00000 -20.30990   0.00000 
  8.25000   0.00000 -22.85638   0.00000   8.25000   0.00000 -21.11005   0.00000 
  8.50000   0.00000 -23.65959   0.00000   8.50000   0.00000 -21.93438   0.00000 
  8.75000   0.00000 -24.52278   0.00000   8.75000   0.00000 -22.80616   0.00000 
  9.00000   0.00000 -25.34462   0.00000   9.00000   0.00000 -23.66618   0.00000 
  9.25000   0.00000 -26.23875   0.00000   9.25000   0.00000 -24.62782   0.00000 
  9.50000   0.00000 -27.07954   0.00000   9.50000   0.00000 -25.54251   0.00000 
  9.75000   0.00000 -28.01328   0.00000   9.75000   0.00000 -26.57541   0.00000 
 10.00000   0.00000 -28.87667   0.00000  10.00000   0.00000 -27.56925   0.00000 
 10.25000   0.00000 -29.84982   0.00000  10.25000   0.00000 -28.70578   0.00000 
 10.50000   0.00000 -30.73357   0.00000  10.50000   0.00000 -29.82750   0.00000 
 10.75000   0.00000 -31.73899   0.00000  10.75000   0.00000 -31.10451   0.00000 
 11.00000   0.00000 -32.63157   0.00000  11.00000   0.00000 -32.41209   0.00000 
