# Acquired on 25/01/2024 15:04:38 
# SPIDER: Creep_6mm_GRPCNT1454A-1
# CREEP MEASUREMENT

# time [ms]		force [N]		stiffness [N/mm]
1.000			-15.944			-2.657
104.000			-16.267			-2.711
204.000			-16.234			-2.706
304.000			-16.099			-2.683
405.000			-15.994			-2.666
504.000			-15.910			-2.652
604.000			-15.778			-2.630
705.000			-15.724			-2.621
804.000			-15.676			-2.613
904.000			-15.633			-2.605
1005.000			-15.593			-2.599
1103.000			-15.557			-2.593
1204.000			-15.523			-2.587
1305.000			-15.493			-2.582
1404.000			-15.437			-2.573
1504.000			-15.410			-2.568
1605.000			-15.386			-2.564
1704.000			-15.363			-2.561
1803.000			-15.342			-2.557
1905.000			-15.322			-2.554
2004.000			-15.301			-2.550
2104.000			-15.264			-2.544
2205.000			-15.247			-2.541
2303.000			-15.231			-2.538
2405.000			-15.215			-2.536
2504.000			-15.199			-2.533
2604.000			-15.185			-2.531
2705.000			-15.170			-2.528
2804.000			-15.143			-2.524
2904.000			-15.130			-2.522
3004.000			-15.117			-2.519
3104.000			-15.104			-2.517
3204.000			-15.094			-2.516
3305.000			-15.082			-2.514
3404.000			-15.071			-2.512
3503.000			-15.049			-2.508
3605.000			-15.038			-2.506
3704.000			-15.028			-2.505
3804.000			-15.019			-2.503
3905.000			-15.008			-2.501
4004.000			-14.999			-2.500
4104.000			-14.991			-2.498
4204.000			-14.981			-2.497
4304.000			-14.964			-2.494
4404.000			-14.956			-2.493
4505.000			-14.948			-2.491
4604.000			-14.940			-2.490
4704.000			-14.933			-2.489
4805.000			-14.925			-2.487
4903.000			-14.917			-2.486
5004.000			-14.901			-2.483
5105.000			-14.893			-2.482
5204.000			-14.886			-2.481
5304.000			-14.879			-2.480
5404.000			-14.872			-2.479
5504.000			-14.867			-2.478
5603.000			-14.860			-2.477
5704.000			-14.847			-2.475
5804.000			-14.840			-2.473
5905.000			-14.835			-2.472
6004.000			-14.829			-2.471
6103.000			-14.822			-2.470
6205.000			-14.816			-2.469
6304.000			-14.811			-2.469
6404.000			-14.804			-2.467
6505.000			-14.793			-2.465
6604.000			-14.788			-2.465
6704.000			-14.782			-2.464
6804.000			-14.777			-2.463
6904.000			-14.772			-2.462
7004.000			-14.767			-2.461
7105.000			-14.761			-2.460
7204.000			-14.750			-2.458
7304.000			-14.745			-2.458
7405.000			-14.742			-2.457
7503.000			-14.737			-2.456
7604.000			-14.732			-2.455
7705.000			-14.727			-2.454
7804.000			-14.722			-2.454
7904.000			-14.714			-2.452
8004.000			-14.709			-2.451
8104.000			-14.705			-2.451
8203.000			-14.700			-2.450
8305.000			-14.696			-2.449
8404.000			-14.692			-2.449
8504.000			-14.687			-2.448
8605.000			-14.680			-2.447
8703.000			-14.675			-2.446
8805.000			-14.671			-2.445
8904.000			-14.668			-2.445
9004.000			-14.664			-2.444
9105.000			-14.660			-2.443
9204.000			-14.656			-2.443
9304.000			-14.652			-2.442
9404.000			-14.644			-2.441
9504.000			-14.641			-2.440
9604.000			-14.637			-2.439
9705.000			-14.633			-2.439
9804.000			-14.629			-2.438
9904.000			-14.626			-2.438
10005.000			-14.623			-2.437
10103.000			-14.615			-2.436
10204.000			-14.611			-2.435
10305.000			-14.608			-2.435
10404.000			-14.605			-2.434
10504.000			-14.601			-2.434
10604.000			-14.597			-2.433
10704.000			-14.594			-2.432
10804.000			-14.588			-2.431
10905.000			-14.585			-2.431
11004.000			-14.582			-2.430
11104.000			-14.578			-2.430
11205.000			-14.575			-2.429
11303.000			-14.572			-2.429
11404.000			-14.569			-2.428
11505.000			-14.563			-2.427
11604.000			-14.560			-2.427
11704.000			-14.557			-2.426
11805.000			-14.553			-2.426
11904.000			-14.551			-2.425
12003.000			-14.548			-2.425
12104.000			-14.546			-2.424
12204.000			-14.543			-2.424
12305.000			-14.538			-2.423
12404.000			-14.534			-2.422
12504.000			-14.531			-2.422
12605.000			-14.528			-2.421
12703.000			-14.525			-2.421
12804.000			-14.523			-2.420
12905.000			-14.519			-2.420
13004.000			-14.515			-2.419
13104.000			-14.512			-2.419
13205.000			-14.509			-2.418
13304.000			-14.506			-2.418
13403.000			-14.505			-2.417
13505.000			-14.502			-2.417
13604.000			-14.500			-2.417
13704.000			-14.493			-2.416
13805.000			-14.492			-2.415
13903.000			-14.490			-2.415
14004.000			-14.487			-2.414
14105.000			-14.484			-2.414
14204.000			-14.481			-2.413
14304.000			-14.478			-2.413
14405.000			-14.474			-2.412
14504.000			-14.472			-2.412
14603.000			-14.468			-2.411
14705.000			-14.466			-2.411
14804.000			-14.464			-2.411
14904.000			-14.462			-2.410
15005.000			-14.459			-2.410
15104.000			-14.458			-2.410
15205.000			-14.454			-2.409
15303.000			-14.452			-2.409
15404.000			-14.449			-2.408
15505.000			-14.446			-2.408
15604.000			-14.445			-2.408
15704.000			-14.442			-2.407
15805.000			-14.439			-2.407
15904.000			-14.435			-2.406
16003.000			-14.433			-2.405
16105.000			-14.430			-2.405
16204.000			-14.428			-2.405
16304.000			-14.426			-2.404
16405.000			-14.425			-2.404
16504.000			-14.422			-2.404
16604.000			-14.419			-2.403
16704.000			-14.416			-2.403
16804.000			-14.414			-2.402
16904.000			-14.411			-2.402
17005.000			-14.409			-2.402
17104.000			-14.407			-2.401
17204.000			-14.405			-2.401
17305.000			-14.401			-2.400
17403.000			-14.401			-2.400
17504.000			-14.398			-2.400
17605.000			-14.397			-2.400
17704.000			-14.395			-2.399
17804.000			-14.392			-2.399
17904.000			-14.390			-2.398
18004.000			-14.388			-2.398
18103.000			-14.383			-2.397
18205.000			-14.382			-2.397
18304.000			-14.380			-2.397
18405.000			-14.380			-2.397
18504.000			-14.378			-2.396
18603.000			-14.375			-2.396
18705.000			-14.373			-2.396
18804.000			-14.369			-2.395
18904.000			-14.367			-2.394
19005.000			-14.366			-2.394
19104.000			-14.365			-2.394
19204.000			-14.362			-2.394
19304.000			-14.360			-2.393
19404.000			-14.359			-2.393
19504.000			-14.356			-2.393
19605.000			-14.354			-2.392
19704.000			-14.353			-2.392
19804.000			-14.350			-2.392
19905.000			-14.349			-2.391
20003.000			-14.348			-2.391
20104.000			-14.345			-2.391
20205.000			-14.342			-2.390
20304.000			-14.340			-2.390
20404.000			-14.338			-2.390
20505.000			-14.336			-2.389
20604.000			-14.335			-2.389
20703.000			-14.334			-2.389
20805.000			-14.332			-2.389
20904.000			-14.329			-2.388
21004.000			-14.327			-2.388
21105.000			-14.325			-2.388
21203.000			-14.324			-2.387
21304.000			-14.323			-2.387
21405.000			-14.321			-2.387
21504.000			-14.318			-2.386
21605.000			-14.317			-2.386
21704.000			-14.315			-2.386
21804.000			-14.313			-2.385
21904.000			-14.311			-2.385
22004.000			-14.309			-2.385
22104.000			-14.308			-2.385
22205.000			-14.307			-2.384
22304.000			-14.305			-2.384
22404.000			-14.304			-2.384
22505.000			-14.301			-2.384
22603.000			-14.300			-2.383
22704.000			-14.299			-2.383
22805.000			-14.298			-2.383
22904.000			-14.294			-2.382
23004.000			-14.292			-2.382
23104.000			-14.291			-2.382
23204.000			-14.289			-2.381
23303.000			-14.288			-2.381
23405.000			-14.286			-2.381
23504.000			-14.285			-2.381
23604.000			-14.284			-2.381
23705.000			-14.282			-2.380
23803.000			-14.281			-2.380
23904.000			-14.279			-2.380
24005.000			-14.276			-2.379
24104.000			-14.274			-2.379
24204.000			-14.274			-2.379
24305.000			-14.273			-2.379
24404.000			-14.271			-2.379
24503.000			-14.269			-2.378
24605.000			-14.267			-2.378
24704.000			-14.265			-2.377
24805.000			-14.262			-2.377
24904.000			-14.261			-2.377
25004.000			-14.261			-2.377
25105.000			-14.260			-2.377
25203.000			-14.258			-2.376
25304.000			-14.255			-2.376
25405.000			-14.253			-2.376
25504.000			-14.252			-2.375
25604.000			-14.251			-2.375
25705.000			-14.250			-2.375
25804.000			-14.249			-2.375
25903.000			-14.247			-2.374
26005.000			-14.245			-2.374
26104.000			-14.243			-2.374
26204.000			-14.242			-2.374
26305.000			-14.241			-2.373
26404.000			-14.239			-2.373
26504.000			-14.238			-2.373
26604.000			-14.237			-2.373
26704.000			-14.235			-2.372
26804.000			-14.233			-2.372
26905.000			-14.231			-2.372
27004.000			-14.230			-2.372
27103.000			-14.228			-2.371
27205.000			-14.227			-2.371
27304.000			-14.227			-2.371
27404.000			-14.225			-2.371
27505.000			-14.221			-2.370
27604.000			-14.221			-2.370
27704.000			-14.219			-2.370
27804.000			-14.217			-2.370
27904.000			-14.217			-2.370
28005.000			-14.215			-2.369
28104.000			-14.214			-2.369
28204.000			-14.214			-2.369
28305.000			-14.213			-2.369
28404.000			-14.212			-2.369
28503.000			-14.210			-2.368
28605.000			-14.209			-2.368
28704.000			-14.208			-2.368
28804.000			-14.206			-2.368
28905.000			-14.205			-2.367
29004.000			-14.202			-2.367
29104.000			-14.201			-2.367
29204.000			-14.200			-2.367
29304.000			-14.199			-2.367
29404.000			-14.199			-2.366
29505.000			-14.197			-2.366
29604.000			-14.196			-2.366
29704.000			-14.194			-2.366
29805.000			-14.193			-2.366
29903.000			-14.192			-2.365
30004.000			-14.191			-2.365
30105.000			-14.189			-2.365
30204.000			-14.188			-2.365
30304.000			-14.186			-2.364
30405.000			-14.185			-2.364
30504.000			-14.184			-2.364
30603.000			-14.183			-2.364
30705.000			-14.182			-2.364
30804.000			-14.181			-2.364
30904.000			-14.181			-2.364
31005.000			-14.179			-2.363
31103.000			-14.178			-2.363
31205.000			-14.176			-2.363
31304.000			-14.175			-2.363
31404.000			-14.174			-2.362
31505.000			-14.172			-2.362
31604.000			-14.171			-2.362
31704.000			-14.170			-2.362
31804.000			-14.168			-2.361
31904.000			-14.167			-2.361
32004.000			-14.165			-2.361
32105.000			-14.164			-2.361
32204.000			-14.163			-2.361
32304.000			-14.163			-2.361
32405.000			-14.163			-2.360
32503.000			-14.162			-2.360
32604.000			-14.159			-2.360
32705.000			-14.158			-2.360
32804.000			-14.157			-2.360
32904.000			-14.156			-2.359
33005.000			-14.155			-2.359
33104.000			-14.154			-2.359
33203.000			-14.152			-2.359
33305.000			-14.151			-2.359
33404.000			-14.150			-2.358
33504.000			-14.148			-2.358
33605.000			-14.147			-2.358
33704.000			-14.147			-2.358
33804.000			-14.146			-2.358
33904.000			-14.146			-2.358
34004.000			-14.144			-2.357
34104.000			-14.142			-2.357
34205.000			-14.141			-2.357
34304.000			-14.140			-2.357
34403.000			-14.139			-2.357
34504.000			-14.139			-2.356
34603.000			-14.138			-2.356
34705.000			-14.137			-2.356
34804.000			-14.134			-2.356
34904.000			-14.133			-2.356
35005.000			-14.132			-2.355
35103.000			-14.131			-2.355
35204.000			-14.129			-2.355
35305.000			-14.129			-2.355
35404.000			-14.127			-2.355
35504.000			-14.127			-2.354
35605.000			-14.126			-2.354
35704.000			-14.124			-2.354
35803.000			-14.124			-2.354
35905.000			-14.124			-2.354
36004.000			-14.122			-2.354
36104.000			-14.121			-2.353
36205.000			-14.119			-2.353
36304.000			-14.118			-2.353
36404.000			-14.117			-2.353
36504.000			-14.116			-2.353
36604.000			-14.115			-2.352
36704.000			-14.115			-2.352
36805.000			-14.114			-2.352
36904.000			-14.113			-2.352
37003.000			-14.110			-2.352
37105.000			-14.108			-2.351
37204.000			-14.107			-2.351
37304.000			-14.108			-2.351
37405.000			-14.107			-2.351
37504.000			-14.106			-2.351
37605.000			-14.105			-2.351
37703.000			-14.103			-2.351
37804.000			-14.102			-2.350
37905.000			-14.102			-2.350
38004.000			-14.102			-2.350
38104.000			-14.100			-2.350
38205.000			-14.099			-2.350
38304.000			-14.097			-2.350
38403.000			-14.095			-2.349
38505.000			-14.094			-2.349
38604.000			-14.093			-2.349
38704.000			-14.094			-2.349
38805.000			-14.093			-2.349
38904.000			-14.092			-2.349
39004.000			-14.091			-2.349
39104.000			-14.089			-2.348
39204.000			-14.089			-2.348
39304.000			-14.088			-2.348
39405.000			-14.087			-2.348
39504.000			-14.085			-2.348
39604.000			-14.085			-2.348
39705.000			-14.085			-2.347
39803.000			-14.083			-2.347
39904.000			-14.081			-2.347
40005.000			-14.080			-2.347
40104.000			-14.080			-2.347
40204.000			-14.078			-2.346
40305.000			-14.078			-2.346
40404.000			-14.078			-2.346
40503.000			-14.077			-2.346
40605.000			-14.076			-2.346
40704.000			-14.074			-2.346
40805.000			-14.073			-2.346
40904.000			-14.073			-2.345
41004.000			-14.071			-2.345
41105.000			-14.070			-2.345
41204.000			-14.070			-2.345
41304.000			-14.069			-2.345
41405.000			-14.068			-2.345
41504.000			-14.067			-2.344
41604.000			-14.067			-2.345
41704.000			-14.066			-2.344
41804.000			-14.064			-2.344
41904.000			-14.063			-2.344
42005.000			-14.062			-2.344
42104.000			-14.061			-2.344
42204.000			-14.060			-2.343
42305.000			-14.060			-2.343
42403.000			-14.059			-2.343
42504.000			-14.058			-2.343
42605.000			-14.058			-2.343
42704.000			-14.057			-2.343
42804.000			-14.055			-2.342
42905.000			-14.055			-2.342
43004.000			-14.054			-2.342
43103.000			-14.053			-2.342
43205.000			-14.052			-2.342
43304.000			-14.052			-2.342
43404.000			-14.050			-2.342
43505.000			-14.049			-2.342
43603.000			-14.049			-2.341
43704.000			-14.047			-2.341
43805.000			-14.047			-2.341
43904.000			-14.047			-2.341
44005.000			-14.045			-2.341
44104.000			-14.044			-2.341
44204.000			-14.043			-2.341
44304.000			-14.042			-2.340
44404.000			-14.041			-2.340
44504.000			-14.041			-2.340
44605.000			-14.041			-2.340
44704.000			-14.041			-2.340
44804.000			-14.039			-2.340
44905.000			-14.037			-2.339
45003.000			-14.037			-2.339
45104.000			-14.036			-2.339
45205.000			-14.036			-2.339
45304.000			-14.036			-2.339
45404.000			-14.034			-2.339
45504.000			-14.032			-2.339
45604.000			-14.031			-2.339
45704.000			-14.031			-2.338
45805.000			-14.030			-2.338
45904.000			-14.029			-2.338
46004.000			-14.029			-2.338
46105.000			-14.028			-2.338
46203.000			-14.026			-2.338
46304.000			-14.026			-2.338
46405.000			-14.024			-2.337
46504.000			-14.023			-2.337
46604.000			-14.022			-2.337
46705.000			-14.022			-2.337
46804.000			-14.022			-2.337
46903.000			-14.021			-2.337
47005.000			-14.019			-2.337
47104.000			-14.019			-2.337
47205.000			-14.019			-2.337
47304.000			-14.018			-2.336
47404.000			-14.016			-2.336
47505.000			-14.017			-2.336
47604.000			-14.015			-2.336
47704.000			-14.014			-2.336
47805.000			-14.013			-2.336
47904.000			-14.013			-2.336
48004.000			-14.013			-2.336
48104.000			-14.012			-2.335
48204.000			-14.011			-2.335
48304.000			-14.011			-2.335
48405.000			-14.010			-2.335
48504.000			-14.009			-2.335
48604.000			-14.007			-2.335
48705.000			-14.007			-2.334
48803.000			-14.006			-2.334
48904.000			-14.005			-2.334
49005.000			-14.004			-2.334
49104.000			-14.005			-2.334
49204.000			-14.004			-2.334
49305.000			-14.002			-2.334
49404.000			-14.001			-2.334
49503.000			-14.001			-2.333
49605.000			-14.000			-2.333
49704.000			-13.999			-2.333
49804.000			-13.998			-2.333
49905.000			-13.999			-2.333
50004.000			-13.997			-2.333
50104.000			-13.997			-2.333
50204.000			-13.996			-2.333
50304.000			-13.996			-2.333
50405.000			-13.995			-2.333
50504.000			-13.994			-2.332
50604.000			-13.992			-2.332
50705.000			-13.992			-2.332
50804.000			-13.992			-2.332
50903.000			-13.991			-2.332
51005.000			-13.990			-2.332
51104.000			-13.990			-2.332
51204.000			-13.989			-2.331
51305.000			-13.988			-2.331
51404.000			-13.987			-2.331
51504.000			-13.987			-2.331
51604.000			-13.986			-2.331
51704.000			-13.986			-2.331
51804.000			-13.983			-2.331
51905.000			-13.982			-2.330
52004.000			-13.982			-2.330
52104.000			-13.983			-2.330
52205.000			-13.981			-2.330
52303.000			-13.981			-2.330
52404.000			-13.979			-2.330
52505.000			-13.979			-2.330
52604.000			-13.978			-2.330
52704.000			-13.977			-2.330
52804.000			-13.977			-2.330
52904.000			-13.976			-2.329
53003.000			-13.976			-2.329
53105.000			-13.975			-2.329
53204.000			-13.975			-2.329
53304.000			-13.974			-2.329
53405.000			-13.974			-2.329
53503.000			-13.974			-2.329
53605.000			-13.973			-2.329
53704.000			-13.971			-2.329
53804.000			-13.971			-2.328
53905.000			-13.970			-2.328
54004.000			-13.969			-2.328
54104.000			-13.968			-2.328
54204.000			-13.967			-2.328
54304.000			-13.967			-2.328
54404.000			-13.966			-2.328
54505.000			-13.965			-2.327
54604.000			-13.964			-2.327
54704.000			-13.965			-2.327
54805.000			-13.964			-2.327
54903.000			-13.963			-2.327
55004.000			-13.962			-2.327
55105.000			-13.961			-2.327
55204.000			-13.961			-2.327
55304.000			-13.960			-2.327
55405.000			-13.959			-2.326
55504.000			-13.959			-2.326
55603.000			-13.958			-2.326
55705.000			-13.958			-2.326
55804.000			-13.956			-2.326
55904.000			-13.955			-2.326
56005.000			-13.955			-2.326
56104.000			-13.954			-2.326
56204.000			-13.954			-2.326
56304.000			-13.953			-2.326
56404.000			-13.953			-2.326
56504.000			-13.953			-2.326
56605.000			-13.952			-2.325
56704.000			-13.951			-2.325
56805.000			-13.951			-2.325
56904.000			-13.951			-2.325
57003.000			-13.950			-2.325
57105.000			-13.949			-2.325
57204.000			-13.948			-2.325
57304.000			-13.947			-2.324
57405.000			-13.946			-2.324
57504.000			-13.945			-2.324
57604.000			-13.944			-2.324
57704.000			-13.944			-2.324
57804.000			-13.943			-2.324
57904.000			-13.944			-2.324
58005.000			-13.942			-2.324
58104.000			-13.941			-2.324
58204.000			-13.940			-2.323
58305.000			-13.938			-2.323
58403.000			-13.938			-2.323
58504.000			-13.938			-2.323
58605.000			-13.938			-2.323
58704.000			-13.936			-2.323
58804.000			-13.935			-2.323
58905.000			-13.934			-2.322
59004.000			-13.934			-2.322
59103.000			-13.934			-2.322
59205.000			-13.933			-2.322
59304.000			-13.931			-2.322
59404.000			-13.932			-2.322
59505.000			-13.930			-2.322
59604.000			-13.930			-2.322
59704.000			-13.929			-2.321
59804.000			-13.927			-2.321
59904.000			-13.927			-2.321
60003.000			-13.926			-2.321
60104.000			-13.926			-2.321
60204.000			-13.924			-2.321
60305.000			-13.922			-2.320
60404.000			-13.923			-2.320
60504.000			-13.922			-2.320
60605.000			-13.922			-2.320
60703.000			-13.922			-2.320
60804.000			-13.920			-2.320
60905.000			-13.919			-2.320
61004.000			-13.919			-2.320
61104.000			-13.919			-2.320
61204.000			-13.918			-2.320
61304.000			-13.918			-2.320
61403.000			-13.917			-2.320
61505.000			-13.917			-2.319
61604.000			-13.916			-2.319
61704.000			-13.914			-2.319
61805.000			-13.914			-2.319
61903.000			-13.914			-2.319
62004.000			-13.914			-2.319
62105.000			-13.913			-2.319
62204.000			-13.913			-2.319
62304.000			-13.913			-2.319
62405.000			-13.913			-2.319
62504.000			-13.912			-2.319
62603.000			-13.911			-2.318
62705.000			-13.910			-2.318
62804.000			-13.909			-2.318
62904.000			-13.909			-2.318
63005.000			-13.908			-2.318
63104.000			-13.908			-2.318
63205.000			-13.908			-2.318
63303.000			-13.907			-2.318
63404.000			-13.906			-2.318
63505.000			-13.907			-2.318
63604.000			-13.906			-2.318
63704.000			-13.905			-2.318
63805.000			-13.905			-2.318
63904.000			-13.905			-2.318
64003.000			-13.905			-2.317
64105.000			-13.904			-2.317
64204.000			-13.904			-2.317
64304.000			-13.902			-2.317
64405.000			-13.902			-2.317
64504.000			-13.901			-2.317
64604.000			-13.902			-2.317
64704.000			-13.901			-2.317
64804.000			-13.900			-2.317
64904.000			-13.900			-2.317
65005.000			-13.900			-2.317
65104.000			-13.899			-2.317
65203.000			-13.899			-2.317
65305.000			-13.897			-2.316
65404.000			-13.896			-2.316
65504.000			-13.896			-2.316
65605.000			-13.896			-2.316
65704.000			-13.896			-2.316
65804.000			-13.896			-2.316
65905.000			-13.894			-2.316
66004.000			-13.895			-2.316
66103.000			-13.894			-2.316
66205.000			-13.892			-2.315
66304.000			-13.892			-2.315
66405.000			-13.893			-2.315
66504.000			-13.890			-2.315
66604.000			-13.891			-2.315
66705.000			-13.891			-2.315
66803.000			-13.891			-2.315
66904.000			-13.890			-2.315
67005.000			-13.890			-2.315
67104.000			-13.889			-2.315
67204.000			-13.889			-2.315
67305.000			-13.887			-2.315
67404.000			-13.887			-2.315
67503.000			-13.886			-2.314
67605.000			-13.886			-2.314
67704.000			-13.884			-2.314
67804.000			-13.884			-2.314
67905.000			-13.883			-2.314
68004.000			-13.884			-2.314
68104.000			-13.883			-2.314
68204.000			-13.883			-2.314
68304.000			-13.883			-2.314
68403.000			-13.883			-2.314
68505.000			-13.882			-2.314
68604.000			-13.880			-2.313
68704.000			-13.880			-2.313
68805.000			-13.879			-2.313
68904.000			-13.879			-2.313
69004.000			-13.879			-2.313
69104.000			-13.878			-2.313
69204.000			-13.877			-2.313
69304.000			-13.877			-2.313
69405.000			-13.877			-2.313
69504.000			-13.876			-2.313
69605.000			-13.875			-2.312
69704.000			-13.874			-2.312
69803.000			-13.874			-2.312
69905.000			-13.873			-2.312
70004.000			-13.873			-2.312
70104.000			-13.872			-2.312
70205.000			-13.871			-2.312
70304.000			-13.870			-2.312
70404.000			-13.871			-2.312
70504.000			-13.869			-2.312
70604.000			-13.869			-2.312
70704.000			-13.868			-2.311
70805.000			-13.867			-2.311
70904.000			-13.867			-2.311
71004.000			-13.868			-2.311
71105.000			-13.867			-2.311
71203.000			-13.867			-2.311
71304.000			-13.866			-2.311
71405.000			-13.866			-2.311
71504.000			-13.865			-2.311
71604.000			-13.864			-2.311
71705.000			-13.863			-2.311
71804.000			-13.863			-2.311
71903.000			-13.863			-2.311
72005.000			-13.863			-2.310
72104.000			-13.862			-2.310
72204.000			-13.862			-2.310
72305.000			-13.860			-2.310
72404.000			-13.860			-2.310
72504.000			-13.859			-2.310
72604.000			-13.859			-2.310
72704.000			-13.859			-2.310
72803.000			-13.858			-2.310
72904.000			-13.859			-2.310
73004.000			-13.858			-2.310
73105.000			-13.857			-2.309
73204.000			-13.857			-2.309
73304.000			-13.855			-2.309
73405.000			-13.855			-2.309
73503.000			-13.855			-2.309
73604.000			-13.855			-2.309
73705.000			-13.854			-2.309
73804.000			-13.854			-2.309
73904.000			-13.854			-2.309
74005.000			-13.853			-2.309
74104.000			-13.852			-2.309
74203.000			-13.851			-2.308
74305.000			-13.851			-2.309
74404.000			-13.850			-2.308
74504.000			-13.851			-2.308
74605.000			-13.851			-2.308
74704.000			-13.849			-2.308
74804.000			-13.848			-2.308
74904.000			-13.848			-2.308
75004.000			-13.847			-2.308
75104.000			-13.847			-2.308
75205.000			-13.846			-2.308
75304.000			-13.846			-2.308
75404.000			-13.846			-2.308
75505.000			-13.845			-2.308
75603.000			-13.845			-2.308
75704.000			-13.844			-2.307
75805.000			-13.844			-2.307
75904.000			-13.844			-2.307
76005.000			-13.844			-2.307
76104.000			-13.843			-2.307
76204.000			-13.842			-2.307
76304.000			-13.841			-2.307
76404.000			-13.840			-2.307
76504.000			-13.840			-2.307
76605.000			-13.839			-2.307
76704.000			-13.839			-2.307
76804.000			-13.840			-2.307
76905.000			-13.839			-2.306
77003.000			-13.838			-2.306
77104.000			-13.837			-2.306
77205.000			-13.837			-2.306
77304.000			-13.836			-2.306
77404.000			-13.835			-2.306
77505.000			-13.835			-2.306
77604.000			-13.835			-2.306
77703.000			-13.835			-2.306
77805.000			-13.834			-2.306
77904.000			-13.834			-2.306
78004.000			-13.833			-2.306
78105.000			-13.832			-2.305
78204.000			-13.832			-2.305
78304.000			-13.832			-2.305
78404.000			-13.831			-2.305
78504.000			-13.829			-2.305
78604.000			-13.829			-2.305
78705.000			-13.830			-2.305
78804.000			-13.829			-2.305
78904.000			-13.829			-2.305
79005.000			-13.829			-2.305
79103.000			-13.828			-2.305
79205.000			-13.828			-2.305
79304.000			-13.827			-2.305
79404.000			-13.827			-2.304
79505.000			-13.826			-2.304
79604.000			-13.826			-2.304
79704.000			-13.826			-2.304
79805.000			-13.824			-2.304
79904.000			-13.824			-2.304
80003.000			-13.824			-2.304
80105.000			-13.823			-2.304
80204.000			-13.822			-2.304
80304.000			-13.822			-2.304
80405.000			-13.822			-2.304
80504.000			-13.822			-2.304
80604.000			-13.822			-2.304
80704.000			-13.821			-2.304
80804.000			-13.821			-2.303
80904.000			-13.820			-2.303
81005.000			-13.820			-2.303
81104.000			-13.819			-2.303
81203.000			-13.819			-2.303
81305.000			-13.817			-2.303
81403.000			-13.816			-2.303
81504.000			-13.816			-2.303
81605.000			-13.815			-2.303
81704.000			-13.815			-2.303
81804.000			-13.815			-2.303
81904.000			-13.815			-2.303
82004.000			-13.813			-2.302
82103.000			-13.814			-2.302
82205.000			-13.812			-2.302
82304.000			-13.811			-2.302
82405.000			-13.811			-2.302
82504.000			-13.810			-2.302
82603.000			-13.810			-2.302
82705.000			-13.810			-2.302
82804.000			-13.809			-2.301
82904.000			-13.808			-2.301
83005.000			-13.808			-2.301
83104.000			-13.807			-2.301
83204.000			-13.806			-2.301
83304.000			-13.806			-2.301
83404.000			-13.804			-2.301
83503.000			-13.805			-2.301
83605.000			-13.805			-2.301
83704.000			-13.804			-2.301
83804.000			-13.804			-2.301
83905.000			-13.804			-2.301
84004.000			-13.804			-2.301
84104.000			-13.803			-2.301
84205.000			-13.801			-2.300
84304.000			-13.801			-2.300
84404.000			-13.800			-2.300
84505.000			-13.799			-2.300
84604.000			-13.798			-2.300
84703.000			-13.798			-2.300
84805.000			-13.798			-2.300
84903.000			-13.798			-2.300
85004.000			-13.797			-2.300
85105.000			-13.796			-2.299
85204.000			-13.795			-2.299
85304.000			-13.794			-2.299
85405.000			-13.794			-2.299
85504.000			-13.795			-2.299
85603.000			-13.794			-2.299
85704.000			-13.793			-2.299
85804.000			-13.792			-2.299
85905.000			-13.791			-2.299
86004.000			-13.791			-2.298
86104.000			-13.790			-2.298
86205.000			-13.789			-2.298
86303.000			-13.790			-2.298
86404.000			-13.789			-2.298
86505.000			-13.789			-2.298
86604.000			-13.788			-2.298
86704.000			-13.788			-2.298
86805.000			-13.788			-2.298
86904.000			-13.787			-2.298
87003.000			-13.786			-2.298
87105.000			-13.786			-2.298
87204.000			-13.787			-2.298
87304.000			-13.787			-2.298
87405.000			-13.786			-2.298
87504.000			-13.785			-2.298
87604.000			-13.784			-2.297
87704.000			-13.785			-2.298
87804.000			-13.785			-2.297
87903.000			-13.785			-2.297
88005.000			-13.783			-2.297
88104.000			-13.783			-2.297
88204.000			-13.783			-2.297
88305.000			-13.783			-2.297
88404.000			-13.782			-2.297
88504.000			-13.782			-2.297
88604.000			-13.781			-2.297
88704.000			-13.780			-2.297
88805.000			-13.781			-2.297
88904.000			-13.782			-2.297
89004.000			-13.780			-2.297
89105.000			-13.779			-2.297
89204.000			-13.778			-2.296
89303.000			-13.778			-2.296
89405.000			-13.777			-2.296
89504.000			-13.777			-2.296
89604.000			-13.778			-2.296
89705.000			-13.777			-2.296
89804.000			-13.778			-2.296
89904.000			-13.777			-2.296
90005.000			-13.777			-2.296
90104.000			-13.777			-2.296
90203.000			-13.776			-2.296
90305.000			-13.776			-2.296
90404.000			-13.775			-2.296
90504.000			-13.775			-2.296
90605.000			-13.774			-2.296
90704.000			-13.774			-2.296
90804.000			-13.773			-2.296
90904.000			-13.774			-2.296
91004.000			-13.774			-2.296
91104.000			-13.774			-2.296
91205.000			-13.773			-2.296
91304.000			-13.773			-2.296
91404.000			-13.773			-2.296
91505.000			-13.772			-2.295
91603.000			-13.772			-2.295
91704.000			-13.772			-2.295
91805.000			-13.771			-2.295
91904.000			-13.770			-2.295
92005.000			-13.770			-2.295
92104.000			-13.770			-2.295
92204.000			-13.769			-2.295
92304.000			-13.769			-2.295
92404.000			-13.769			-2.295
92504.000			-13.769			-2.295
92605.000			-13.769			-2.295
92704.000			-13.769			-2.295
92804.000			-13.768			-2.295
92905.000			-13.767			-2.295
93003.000			-13.767			-2.294
93104.000			-13.765			-2.294
93205.000			-13.765			-2.294
93304.000			-13.765			-2.294
93404.000			-13.764			-2.294
93505.000			-13.763			-2.294
93604.000			-13.763			-2.294
93703.000			-13.762			-2.294
93805.000			-13.762			-2.294
93904.000			-13.762			-2.294
94004.000			-13.761			-2.293
94105.000			-13.760			-2.293
94204.000			-13.760			-2.293
94304.000			-13.760			-2.293
94404.000			-13.760			-2.293
94504.000			-13.761			-2.293
94604.000			-13.761			-2.293
94705.000			-13.759			-2.293
94804.000			-13.759			-2.293
94904.000			-13.758			-2.293
95005.000			-13.757			-2.293
95103.000			-13.756			-2.293
95205.000			-13.756			-2.293
95304.000			-13.755			-2.293
95404.000			-13.755			-2.292
95505.000			-13.755			-2.292
95604.000			-13.754			-2.292
95704.000			-13.755			-2.293
95804.000			-13.754			-2.292
95904.000			-13.752			-2.292
96003.000			-13.753			-2.292
96105.000			-13.752			-2.292
96204.000			-13.751			-2.292
96304.000			-13.752			-2.292
96405.000			-13.751			-2.292
96504.000			-13.750			-2.292
96604.000			-13.749			-2.291
96704.000			-13.749			-2.292
96804.000			-13.749			-2.291
96904.000			-13.748			-2.291
97005.000			-13.749			-2.291
97104.000			-13.748			-2.291
97204.000			-13.747			-2.291
97305.000			-13.747			-2.291
97403.000			-13.747			-2.291
97504.000			-13.747			-2.291
97605.000			-13.746			-2.291
97704.000			-13.745			-2.291
97804.000			-13.745			-2.291
97905.000			-13.746			-2.291
98004.000			-13.744			-2.291
98103.000			-13.744			-2.291
98205.000			-13.744			-2.291
98304.000			-13.743			-2.291
98405.000			-13.743			-2.291
98504.000			-13.743			-2.290
98604.000			-13.743			-2.290
98705.000			-13.743			-2.290
98803.000			-13.743			-2.290
98904.000			-13.742			-2.290
99005.000			-13.741			-2.290
99104.000			-13.741			-2.290
99204.000			-13.741			-2.290
99305.000			-13.740			-2.290
99404.000			-13.739			-2.290
99503.000			-13.740			-2.290
99605.000			-13.740			-2.290
99704.000			-13.739			-2.290
99804.000			-13.740			-2.290
99905.000			-13.739			-2.290
100004.000			-13.738			-2.290
100104.000			-13.739			-2.290
100204.000			-13.739			-2.290
100304.000			-13.737			-2.290
100403.000			-13.737			-2.290
100505.000			-13.737			-2.290
100604.000			-13.737			-2.289
100704.000			-13.737			-2.289
100805.000			-13.737			-2.290
100904.000			-13.736			-2.289
101004.000			-13.736			-2.289
101104.000			-13.735			-2.289
101204.000			-13.735			-2.289
101304.000			-13.734			-2.289
101405.000			-13.734			-2.289
101504.000			-13.735			-2.289
101605.000			-13.735			-2.289
101704.000			-13.732			-2.289
101803.000			-13.733			-2.289
101905.000			-13.734			-2.289
102004.000			-13.733			-2.289
102104.000			-13.733			-2.289
102205.000			-13.732			-2.289
102304.000			-13.732			-2.289
102404.000			-13.732			-2.289
102504.000			-13.732			-2.289
102604.000			-13.731			-2.289
102704.000			-13.731			-2.288
102805.000			-13.730			-2.288
102904.000			-13.731			-2.289
103004.000			-13.731			-2.288
103105.000			-13.729			-2.288
103203.000			-13.730			-2.288
103304.000			-13.728			-2.288
103405.000			-13.728			-2.288
103504.000			-13.729			-2.288
103604.000			-13.728			-2.288
103705.000			-13.727			-2.288
103804.000			-13.727			-2.288
103903.000			-13.727			-2.288
104005.000			-13.727			-2.288
104104.000			-13.727			-2.288
104204.000			-13.726			-2.288
104305.000			-13.725			-2.288
104404.000			-13.726			-2.288
104504.000			-13.726			-2.288
104604.000			-13.724			-2.287
104704.000			-13.725			-2.287
104805.000			-13.725			-2.287
104904.000			-13.725			-2.287
105004.000			-13.725			-2.287
105105.000			-13.723			-2.287
105204.000			-13.724			-2.287
105303.000			-13.723			-2.287
105405.000			-13.723			-2.287
105504.000			-13.723			-2.287
105604.000			-13.722			-2.287
105705.000			-13.721			-2.287
105804.000			-13.722			-2.287
105904.000			-13.721			-2.287
106004.000			-13.719			-2.287
106104.000			-13.719			-2.287
106203.000			-13.719			-2.287
106305.000			-13.719			-2.286
106404.000			-13.718			-2.286
106504.000			-13.718			-2.286
106605.000			-13.718			-2.286
106704.000			-13.718			-2.286
106804.000			-13.716			-2.286
106904.000			-13.716			-2.286
107004.000			-13.717			-2.286
107104.000			-13.717			-2.286
107205.000			-13.716			-2.286
107304.000			-13.716			-2.286
107404.000			-13.716			-2.286
107505.000			-13.715			-2.286
107603.000			-13.715			-2.286
107704.000			-13.714			-2.286
107805.000			-13.714			-2.286
107904.000			-13.714			-2.286
108005.000			-13.713			-2.286
108104.000			-13.713			-2.285
108204.000			-13.712			-2.285
108304.000			-13.712			-2.285
108404.000			-13.712			-2.285
108504.000			-13.712			-2.285
108605.000			-13.711			-2.285
108704.000			-13.711			-2.285
108804.000			-13.711			-2.285
108905.000			-13.710			-2.285
109003.000			-13.709			-2.285
109104.000			-13.709			-2.285
109205.000			-13.708			-2.285
109304.000			-13.708			-2.285
109404.000			-13.709			-2.285
109505.000			-13.708			-2.285
109604.000			-13.708			-2.285
109703.000			-13.707			-2.284
109805.000			-13.706			-2.284
109903.000			-13.707			-2.284
110004.000			-13.707			-2.284
110105.000			-13.706			-2.284
110204.000			-13.706			-2.284
110304.000			-13.705			-2.284
110405.000			-13.705			-2.284
110504.000			-13.704			-2.284
110603.000			-13.704			-2.284
110705.000			-13.703			-2.284
110804.000			-13.703			-2.284
110904.000			-13.703			-2.284
111005.000			-13.703			-2.284
111104.000			-13.702			-2.284
111205.000			-13.703			-2.284
111303.000			-13.702			-2.284
111404.000			-13.701			-2.284
111505.000			-13.702			-2.284
111604.000			-13.702			-2.284
111704.000			-13.702			-2.284
111805.000			-13.702			-2.284
111904.000			-13.700			-2.283
112003.000			-13.700			-2.283
112105.000			-13.701			-2.283
112204.000			-13.700			-2.283
112304.000			-13.699			-2.283
112405.000			-13.699			-2.283
112504.000			-13.699			-2.283
112604.000			-13.698			-2.283
112704.000			-13.699			-2.283
112804.000			-13.698			-2.283
112904.000			-13.698			-2.283
113005.000			-13.697			-2.283
113104.000			-13.697			-2.283
113204.000			-13.697			-2.283
113305.000			-13.697			-2.283
113403.000			-13.696			-2.283
113504.000			-13.695			-2.283
113605.000			-13.696			-2.283
113704.000			-13.695			-2.282
113804.000			-13.695			-2.282
113905.000			-13.695			-2.283
114004.000			-13.694			-2.282
114104.000			-13.695			-2.282
114205.000			-13.695			-2.283
114303.000			-13.694			-2.282
114405.000			-13.694			-2.282
114504.000			-13.694			-2.282
114604.000			-13.693			-2.282
114705.000			-13.693			-2.282
114804.000			-13.693			-2.282
114904.000			-13.692			-2.282
115004.000			-13.692			-2.282
115104.000			-13.692			-2.282
115204.000			-13.691			-2.282
115305.000			-13.689			-2.282
115404.000			-13.690			-2.282
115504.000			-13.690			-2.282
115605.000			-13.689			-2.282
115703.000			-13.689			-2.282
115804.000			-13.690			-2.282
115904.000			-13.689			-2.282
116004.000			-13.690			-2.282
116104.000			-13.689			-2.281
116205.000			-13.687			-2.281
116304.000			-13.688			-2.281
116404.000			-13.687			-2.281
116505.000			-13.686			-2.281
116603.000			-13.685			-2.281
116704.000			-13.684			-2.281
116805.000			-13.684			-2.281
116904.000			-13.683			-2.281
117004.000			-13.683			-2.280
117105.000			-13.683			-2.280
117204.000			-13.682			-2.280
117303.000			-13.681			-2.280
117405.000			-13.681			-2.280
117504.000			-13.681			-2.280
117605.000			-13.681			-2.280
117704.000			-13.681			-2.280
117804.000			-13.680			-2.280
117905.000			-13.680			-2.280
118003.000			-13.679			-2.280
118104.000			-13.679			-2.280
118204.000			-13.679			-2.280
118304.000			-13.678			-2.280
118404.000			-13.678			-2.280
118505.000			-13.678			-2.280
118604.000			-13.677			-2.280
118704.000			-13.677			-2.280
118805.000			-13.677			-2.279
118903.000			-13.675			-2.279
119004.000			-13.675			-2.279
119105.000			-13.676			-2.279
119204.000			-13.674			-2.279
119304.000			-13.675			-2.279
119405.000			-13.676			-2.279
119504.000			-13.676			-2.279
119603.000			-13.674			-2.279
119705.000			-13.674			-2.279
119804.000			-13.673			-2.279
119904.000			-13.674			-2.279
120005.000			-13.674			-2.279
120104.000			-13.674			-2.279
120204.000			-13.674			-2.279
120304.000			-13.674			-2.279
120404.000			-13.673			-2.279
120503.000			-13.674			-2.279
120605.000			-13.673			-2.279
120704.000			-13.671			-2.279
120805.000			-13.671			-2.279
120904.000			-13.672			-2.279
121004.000			-13.672			-2.279
121105.000			-13.672			-2.279
121203.000			-13.672			-2.279
121304.000			-13.670			-2.278
121405.000			-13.670			-2.278
121504.000			-13.670			-2.278
121604.000			-13.671			-2.278
121705.000			-13.670			-2.278
121804.000			-13.669			-2.278
121903.000			-13.669			-2.278
122005.000			-13.669			-2.278
122104.000			-13.670			-2.278
122204.000			-13.669			-2.278
122305.000			-13.669			-2.278
122404.000			-13.668			-2.278
122504.000			-13.668			-2.278
122604.000			-13.668			-2.278
122704.000			-13.667			-2.278
122804.000			-13.668			-2.278
122905.000			-13.667			-2.278
123004.000			-13.667			-2.278
123104.000			-13.667			-2.278
123205.000			-13.666			-2.278
123303.000			-13.667			-2.278
123404.000			-13.666			-2.278
123505.000			-13.667			-2.278
123604.000			-13.667			-2.278
123704.000			-13.666			-2.278
123805.000			-13.666			-2.278
123904.000			-13.664			-2.277
124005.000			-13.664			-2.277
124104.000			-13.665			-2.277
124203.000			-13.664			-2.277
124305.000			-13.664			-2.277
124404.000			-13.663			-2.277
124504.000			-13.662			-2.277
124605.000			-13.663			-2.277
124704.000			-13.663			-2.277
124804.000			-13.662			-2.277
124904.000			-13.662			-2.277
125004.000			-13.662			-2.277
125104.000			-13.662			-2.277
125205.000			-13.662			-2.277
125304.000			-13.661			-2.277
125404.000			-13.660			-2.277
125505.000			-13.660			-2.277
125603.000			-13.660			-2.277
125704.000			-13.660			-2.277
125805.000			-13.660			-2.277
125904.000			-13.659			-2.277
126004.000			-13.659			-2.276
126105.000			-13.660			-2.277
126204.000			-13.658			-2.276
126303.000			-13.658			-2.276
126405.000			-13.657			-2.276
126504.000			-13.656			-2.276
126604.000			-13.656			-2.276
126705.000			-13.657			-2.276
126804.000			-13.657			-2.276
126904.000			-13.655			-2.276
127005.000			-13.656			-2.276
127104.000			-13.656			-2.276
127203.000			-13.655			-2.276
127304.000			-13.654			-2.276
127404.000			-13.654			-2.276
127505.000			-13.654			-2.276
127604.000			-13.654			-2.276
127704.000			-13.654			-2.276
127805.000			-13.654			-2.276
127903.000			-13.653			-2.276
128004.000			-13.653			-2.276
128105.000			-13.653			-2.276
128204.000			-13.652			-2.275
128304.000			-13.652			-2.275
128405.000			-13.653			-2.275
128504.000			-13.652			-2.275
128603.000			-13.651			-2.275
128705.000			-13.651			-2.275
128804.000			-13.650			-2.275
128904.000			-13.650			-2.275
129005.000			-13.650			-2.275
129104.000			-13.650			-2.275
129204.000			-13.649			-2.275
129304.000			-13.650			-2.275
129404.000			-13.650			-2.275
129503.000			-13.650			-2.275
129605.000			-13.649			-2.275
129704.000			-13.648			-2.275
129804.000			-13.648			-2.275
129905.000			-13.648			-2.275
130004.000			-13.647			-2.275
130104.000			-13.646			-2.274
130204.000			-13.646			-2.274
130304.000			-13.647			-2.274
130405.000			-13.647			-2.274
130504.000			-13.646			-2.274
130604.000			-13.646			-2.274
130705.000			-13.646			-2.274
130804.000			-13.646			-2.274
130903.000			-13.645			-2.274
131005.000			-13.645			-2.274
131104.000			-13.646			-2.274
131204.000			-13.644			-2.274
131305.000			-13.644			-2.274
131404.000			-13.644			-2.274
131504.000			-13.643			-2.274
131604.000			-13.644			-2.274
131704.000			-13.643			-2.274
131803.000			-13.643			-2.274
131905.000			-13.643			-2.274
132004.000			-13.642			-2.274
132104.000			-13.642			-2.274
132205.000			-13.641			-2.274
132304.000			-13.641			-2.273
132404.000			-13.640			-2.273
132504.000			-13.640			-2.273
132604.000			-13.640			-2.273
132703.000			-13.641			-2.273
132805.000			-13.641			-2.273
132904.000			-13.640			-2.273
133004.000			-13.640			-2.273
133105.000			-13.640			-2.273
133204.000			-13.639			-2.273
133304.000			-13.639			-2.273
133404.000			-13.639			-2.273
133504.000			-13.639			-2.273
133605.000			-13.639			-2.273
133704.000			-13.637			-2.273
133804.000			-13.637			-2.273
133905.000			-13.638			-2.273
134004.000			-13.637			-2.273
134104.000			-13.636			-2.273
134205.000			-13.637			-2.273
134303.000			-13.637			-2.273
134404.000			-13.636			-2.273
134505.000			-13.636			-2.273
134604.000			-13.636			-2.273
134704.000			-13.635			-2.272
134805.000			-13.634			-2.272
134904.000			-13.634			-2.272
135004.000			-13.635			-2.272
135105.000			-13.634			-2.272
135203.000			-13.633			-2.272
135304.000			-13.634			-2.272
135405.000			-13.633			-2.272
135504.000			-13.632			-2.272
135604.000			-13.632			-2.272
135705.000			-13.632			-2.272
135804.000			-13.632			-2.272
135903.000			-13.631			-2.272
136005.000			-13.631			-2.272
136103.000			-13.631			-2.272
136204.000			-13.631			-2.272
136305.000			-13.631			-2.272
136404.000			-13.631			-2.272
136504.000			-13.630			-2.272
136605.000			-13.631			-2.272
136704.000			-13.630			-2.272
136803.000			-13.629			-2.272
136904.000			-13.629			-2.271
137003.000			-13.628			-2.271
137105.000			-13.628			-2.271
137204.000			-13.628			-2.271
137304.000			-13.628			-2.271
137405.000			-13.628			-2.271
137504.000			-13.628			-2.271
137604.000			-13.628			-2.271
137704.000			-13.627			-2.271
137804.000			-13.627			-2.271
137903.000			-13.627			-2.271
138005.000			-13.627			-2.271
138104.000			-13.627			-2.271
138204.000			-13.626			-2.271
138305.000			-13.625			-2.271
138404.000			-13.626			-2.271
138504.000			-13.625			-2.271
138604.000			-13.624			-2.271
138704.000			-13.624			-2.271
138803.000			-13.625			-2.271
138905.000			-13.624			-2.271
139004.000			-13.624			-2.271
139104.000			-13.624			-2.271
139205.000			-13.623			-2.270
139304.000			-13.622			-2.270
139404.000			-13.623			-2.270
139504.000			-13.620			-2.270
139604.000			-13.621			-2.270
139703.000			-13.621			-2.270
139805.000			-13.620			-2.270
139904.000			-13.620			-2.270
140005.000			-13.619			-2.270
140104.000			-13.619			-2.270
140204.000			-13.619			-2.270
140305.000			-13.619			-2.270
140403.000			-13.618			-2.270
140504.000			-13.618			-2.270
140605.000			-13.618			-2.270
140704.000			-13.617			-2.269
140804.000			-13.617			-2.270
140905.000			-13.615			-2.269
141004.000			-13.615			-2.269
141104.000			-13.615			-2.269
141205.000			-13.615			-2.269
141303.000			-13.615			-2.269
141404.000			-13.614			-2.269
141505.000			-13.614			-2.269
141604.000			-13.613			-2.269
141704.000			-13.612			-2.269
141805.000			-13.612			-2.269
141904.000			-13.611			-2.269
142003.000			-13.610			-2.268
142105.000			-13.610			-2.268
142203.000			-13.610			-2.268
142304.000			-13.609			-2.268
142405.000			-13.609			-2.268
142504.000			-13.608			-2.268
142604.000			-13.608			-2.268
142705.000			-13.608			-2.268
142804.000			-13.606			-2.268
142903.000			-13.606			-2.268
143005.000			-13.607			-2.268
143104.000			-13.605			-2.268
143205.000			-13.605			-2.267
143304.000			-13.605			-2.267
143404.000			-13.605			-2.267
143505.000			-13.605			-2.268
143604.000			-13.604			-2.267
143704.000			-13.603			-2.267
143804.000			-13.604			-2.267
143904.000			-13.603			-2.267
144004.000			-13.600			-2.267
144105.000			-13.601			-2.267
144204.000			-13.602			-2.267
144304.000			-13.602			-2.267
144405.000			-13.601			-2.267
144504.000			-13.601			-2.267
144604.000			-13.600			-2.267
144704.000			-13.600			-2.267
144804.000			-13.600			-2.267
144904.000			-13.600			-2.267
145005.000			-13.600			-2.267
145104.000			-13.600			-2.267
145204.000			-13.599			-2.267
145305.000			-13.598			-2.266
145404.000			-13.598			-2.266
145504.000			-13.598			-2.266
145604.000			-13.598			-2.266
145704.000			-13.597			-2.266
145804.000			-13.597			-2.266
145905.000			-13.597			-2.266
146004.000			-13.597			-2.266
146104.000			-13.597			-2.266
146205.000			-13.596			-2.266
146304.000			-13.595			-2.266
146405.000			-13.595			-2.266
146503.000			-13.595			-2.266
146604.000			-13.596			-2.266
146705.000			-13.595			-2.266
146804.000			-13.595			-2.266
146904.000			-13.595			-2.266
147005.000			-13.595			-2.266
147104.000			-13.595			-2.266
147204.000			-13.595			-2.266
147305.000			-13.595			-2.266
147403.000			-13.595			-2.266
147504.000			-13.594			-2.266
147605.000			-13.594			-2.266
147704.000			-13.594			-2.266
147804.000			-13.594			-2.266
147905.000			-13.594			-2.266
148004.000			-13.594			-2.266
148104.000			-13.594			-2.266
148205.000			-13.595			-2.266
148303.000			-13.595			-2.266
148404.000			-13.596			-2.266
148504.000			-13.594			-2.266
148604.000			-13.593			-2.266
148704.000			-13.593			-2.266
148805.000			-13.593			-2.265
148904.000			-13.593			-2.265
149004.000			-13.591			-2.265
149105.000			-13.590			-2.265
149203.000			-13.589			-2.265
149304.000			-13.589			-2.265
149404.000			-13.589			-2.265
149504.000			-13.590			-2.265
149605.000			-13.590			-2.265
149704.000			-13.589			-2.265
149804.000			-13.588			-2.265
149905.000			-13.588			-2.265
150004.000			-13.588			-2.265
150104.000			-13.588			-2.265
150205.000			-13.588			-2.265
150303.000			-13.588			-2.265
150404.000			-13.587			-2.264
150505.000			-13.587			-2.265
150604.000			-13.588			-2.265
150704.000			-13.588			-2.265
150805.000			-13.588			-2.265
150904.000			-13.586			-2.264
151004.000			-13.586			-2.264
151105.000			-13.585			-2.264
151203.000			-13.585			-2.264
151304.000			-13.586			-2.264
151405.000			-13.585			-2.264
151504.000			-13.585			-2.264
151604.000			-13.584			-2.264
151705.000			-13.584			-2.264
151804.000			-13.584			-2.264
151904.000			-13.584			-2.264
152005.000			-13.584			-2.264
152103.000			-13.583			-2.264
152204.000			-13.583			-2.264
152305.000			-13.583			-2.264
152404.000			-13.582			-2.264
152504.000			-13.583			-2.264
152605.000			-13.582			-2.264
152704.000			-13.582			-2.264
152805.000			-13.582			-2.264
152904.000			-13.582			-2.264
153003.000			-13.581			-2.264
153105.000			-13.581			-2.263
153204.000			-13.581			-2.263
153304.000			-13.580			-2.263
153405.000			-13.581			-2.264
153504.000			-13.581			-2.264
153604.000			-13.581			-2.264
153705.000			-13.580			-2.263
153804.000			-13.580			-2.263
153903.000			-13.580			-2.263
154005.000			-13.580			-2.263
154104.000			-13.580			-2.263
154204.000			-13.580			-2.263
154305.000			-13.580			-2.263
154404.000			-13.580			-2.263
154504.000			-13.579			-2.263
154605.000			-13.579			-2.263
154704.000			-13.579			-2.263
154803.000			-13.580			-2.263
154905.000			-13.580			-2.263
155004.000			-13.580			-2.263
155104.000			-13.579			-2.263
155205.000			-13.578			-2.263
155304.000			-13.578			-2.263
155404.000			-13.577			-2.263
155505.000			-13.577			-2.263
155604.000			-13.576			-2.263
155703.000			-13.576			-2.263
155805.000			-13.576			-2.263
155904.000			-13.575			-2.263
156005.000			-13.575			-2.263
156104.000			-13.575			-2.263
156204.000			-13.575			-2.263
156305.000			-13.575			-2.263
156404.000			-13.575			-2.262
156504.000			-13.575			-2.262
156604.000			-13.575			-2.262
156704.000			-13.575			-2.262
156803.000			-13.575			-2.262
156905.000			-13.574			-2.262
157004.000			-13.574			-2.262
157104.000			-13.573			-2.262
157205.000			-13.574			-2.262
157304.000			-13.574			-2.262
157404.000			-13.574			-2.262
157504.000			-13.573			-2.262
157604.000			-13.573			-2.262
157703.000			-13.574			-2.262
157805.000			-13.573			-2.262
157904.000			-13.573			-2.262
158004.000			-13.574			-2.262
158105.000			-13.574			-2.262
158204.000			-13.573			-2.262
158304.000			-13.572			-2.262
158404.000			-13.573			-2.262
158504.000			-13.572			-2.262
158603.000			-13.572			-2.262
158705.000			-13.571			-2.262
158804.000			-13.571			-2.262
158904.000			-13.571			-2.262
159005.000			-13.571			-2.262
159104.000			-13.571			-2.262
159205.000			-13.571			-2.262
159304.000			-13.571			-2.262
159404.000			-13.571			-2.262
159504.000			-13.569			-2.262
159604.000			-13.569			-2.262
159704.000			-13.569			-2.262
159805.000			-13.568			-2.261
159904.000			-13.568			-2.261
160004.000			-13.569			-2.261
160105.000			-13.568			-2.261
160204.000			-13.567			-2.261
160304.000			-13.567			-2.261
160404.000			-13.566			-2.261
160504.000			-13.565			-2.261
160604.000			-13.566			-2.261
160705.000			-13.566			-2.261
160804.000			-13.565			-2.261
160904.000			-13.565			-2.261
161005.000			-13.565			-2.261
161104.000			-13.564			-2.261
161204.000			-13.564			-2.261
161304.000			-13.563			-2.261
161404.000			-13.563			-2.261
161504.000			-13.563			-2.261
161605.000			-13.562			-2.260
161704.000			-13.562			-2.260
161804.000			-13.562			-2.260
161905.000			-13.562			-2.260
162004.000			-13.560			-2.260
162104.000			-13.560			-2.260
162204.000			-13.561			-2.260
162304.000			-13.561			-2.260
162405.000			-13.561			-2.260
162504.000			-13.560			-2.260
162604.000			-13.560			-2.260
162705.000			-13.560			-2.260
162804.000			-13.559			-2.260
162903.000			-13.559			-2.260
163005.000			-13.559			-2.260
163103.000			-13.559			-2.260
163204.000			-13.558			-2.260
163305.000			-13.559			-2.260
163404.000			-13.559			-2.260
163504.000			-13.558			-2.260
163605.000			-13.558			-2.260
163704.000			-13.557			-2.260
163803.000			-13.557			-2.260
163905.000			-13.557			-2.260
164003.000			-13.557			-2.259
164104.000			-13.556			-2.259
164205.000			-13.556			-2.259
164304.000			-13.556			-2.259
164404.000			-13.556			-2.259
164505.000			-13.556			-2.259
164604.000			-13.556			-2.259
164703.000			-13.555			-2.259
164805.000			-13.554			-2.259
164903.000			-13.554			-2.259
165004.000			-13.553			-2.259
165105.000			-13.553			-2.259
165204.000			-13.553			-2.259
165304.000			-13.553			-2.259
165405.000			-13.553			-2.259
165504.000			-13.552			-2.259
165603.000			-13.552			-2.259
165704.000			-13.552			-2.259
165803.000			-13.551			-2.259
165905.000			-13.552			-2.259
166004.000			-13.552			-2.259
166104.000			-13.551			-2.259
166205.000			-13.551			-2.259
166304.000			-13.551			-2.259
166404.000			-13.552			-2.259
166504.000			-13.552			-2.259
166604.000			-13.551			-2.259
166703.000			-13.550			-2.258
166805.000			-13.549			-2.258
166904.000			-13.550			-2.258
167004.000			-13.550			-2.258
167105.000			-13.549			-2.258
167204.000			-13.549			-2.258
167304.000			-13.548			-2.258
167404.000			-13.549			-2.258
167504.000			-13.549			-2.258
167603.000			-13.548			-2.258
167705.000			-13.548			-2.258
167804.000			-13.547			-2.258
167904.000			-13.548			-2.258
168005.000			-13.547			-2.258
168104.000			-13.548			-2.258
168204.000			-13.548			-2.258
168304.000			-13.547			-2.258
168404.000			-13.547			-2.258
168503.000			-13.546			-2.258
168605.000			-13.547			-2.258
168704.000			-13.546			-2.258
168805.000			-13.546			-2.258
168904.000			-13.546			-2.258
169004.000			-13.545			-2.257
169105.000			-13.545			-2.258
169204.000			-13.546			-2.258
169304.000			-13.545			-2.257
169404.000			-13.545			-2.258
169504.000			-13.545			-2.257
169604.000			-13.545			-2.257
169705.000			-13.545			-2.257
169804.000			-13.545			-2.257
169904.000			-13.545			-2.258
170005.000			-13.546			-2.258
170104.000			-13.545			-2.257
170204.000			-13.544			-2.257
170304.000			-13.543			-2.257
170404.000			-13.544			-2.257
170504.000			-13.545			-2.257
170605.000			-13.544			-2.257
170704.000			-13.543			-2.257
170804.000			-13.544			-2.257
170905.000			-13.544			-2.257
171004.000			-13.544			-2.257
171104.000			-13.543			-2.257
171204.000			-13.543			-2.257
171304.000			-13.543			-2.257
171404.000			-13.542			-2.257
171505.000			-13.542			-2.257
171604.000			-13.542			-2.257
171704.000			-13.542			-2.257
171805.000			-13.542			-2.257
171903.000			-13.541			-2.257
172005.000			-13.541			-2.257
172103.000			-13.541			-2.257
172204.000			-13.540			-2.257
172305.000			-13.540			-2.257
172404.000			-13.541			-2.257
172504.000			-13.540			-2.257
172605.000			-13.539			-2.256
172704.000			-13.539			-2.257
172803.000			-13.539			-2.257
172905.000			-13.538			-2.256
173003.000			-13.538			-2.256
173104.000			-13.539			-2.256
173205.000			-13.539			-2.256
173304.000			-13.539			-2.256
173404.000			-13.538			-2.256
173505.000			-13.538			-2.256
173604.000			-13.537			-2.256
173703.000			-13.537			-2.256
173805.000			-13.537			-2.256
173903.000			-13.537			-2.256
174004.000			-13.537			-2.256
174105.000			-13.536			-2.256
174204.000			-13.536			-2.256
174304.000			-13.536			-2.256
174405.000			-13.537			-2.256
174504.000			-13.536			-2.256
174603.000			-13.536			-2.256
174705.000			-13.536			-2.256
174803.000			-13.535			-2.256
174904.000			-13.535			-2.256
175005.000			-13.536			-2.256
175104.000			-13.536			-2.256
175205.000			-13.535			-2.256
175304.000			-13.536			-2.256
175404.000			-13.536			-2.256
175504.000			-13.537			-2.256
175604.000			-13.536			-2.256
175703.000			-13.535			-2.256
175805.000			-13.534			-2.256
175904.000			-13.534			-2.256
176004.000			-13.535			-2.256
176105.000			-13.535			-2.256
176204.000			-13.534			-2.256
176304.000			-13.534			-2.256
176404.000			-13.534			-2.256
176504.000			-13.534			-2.256
176603.000			-13.533			-2.256
176705.000			-13.534			-2.256
176804.000			-13.533			-2.256
176904.000			-13.532			-2.255
177005.000			-13.533			-2.255
177104.000			-13.533			-2.256
177204.000			-13.533			-2.255
177304.000			-13.531			-2.255
177404.000			-13.532			-2.255
177503.000			-13.533			-2.255
177605.000			-13.532			-2.255
177704.000			-13.532			-2.255
177804.000			-13.533			-2.255
177905.000			-13.533			-2.255
178004.000			-13.531			-2.255
178104.000			-13.532			-2.255
178204.000			-13.532			-2.255
178304.000			-13.532			-2.255
178403.000			-13.532			-2.255
178504.000			-13.532			-2.255
178604.000			-13.533			-2.255
178705.000			-13.531			-2.255
178804.000			-13.532			-2.255
178904.000			-13.531			-2.255
179005.000			-13.531			-2.255
179103.000			-13.531			-2.255
179204.000			-13.531			-2.255
179305.000			-13.531			-2.255
179404.000			-13.530			-2.255
179504.000			-13.531			-2.255
179605.000			-13.530			-2.255
179704.000			-13.529			-2.255
179804.000			-13.530			-2.255
179905.000			-13.529			-2.255
180003.000			-13.528			-2.255
180104.000			-13.528			-2.255
180204.000			-13.528			-2.255
180304.000			-13.529			-2.255
180404.000			-13.529			-2.255
180505.000			-13.529			-2.255
180604.000			-13.527			-2.255
180704.000			-13.527			-2.255
180805.000			-13.528			-2.255
180903.000			-13.527			-2.255
181004.000			-13.526			-2.254
181105.000			-13.526			-2.254
181204.000			-13.527			-2.254
181304.000			-13.526			-2.254
181405.000			-13.526			-2.254
181504.000			-13.526			-2.254
181605.000			-13.527			-2.254
181704.000			-13.526			-2.254
181803.000			-13.526			-2.254
181905.000			-13.524			-2.254
182004.000			-13.524			-2.254
182104.000			-13.525			-2.254
182205.000			-13.525			-2.254
182304.000			-13.526			-2.254
182404.000			-13.524			-2.254
182505.000			-13.524			-2.254
182604.000			-13.523			-2.254
182703.000			-13.522			-2.254
182805.000			-13.522			-2.254
182904.000			-13.523			-2.254
183004.000			-13.524			-2.254
183105.000			-13.524			-2.254
183204.000			-13.524			-2.254
183304.000			-13.525			-2.254
183405.000			-13.524			-2.254
183504.000			-13.523			-2.254
183603.000			-13.522			-2.254
183705.000			-13.522			-2.254
183804.000			-13.522			-2.254
183904.000			-13.523			-2.254
184005.000			-13.521			-2.254
184104.000			-13.521			-2.254
184204.000			-13.522			-2.254
184305.000			-13.522			-2.254
184404.000			-13.521			-2.254
184503.000			-13.521			-2.254
184605.000			-13.521			-2.254
184704.000			-13.521			-2.253
184805.000			-13.521			-2.253
184904.000			-13.521			-2.253
185004.000			-13.520			-2.253
185105.000			-13.520			-2.253
185204.000			-13.519			-2.253
185304.000			-13.520			-2.253
185404.000			-13.520			-2.253
185504.000			-13.520			-2.253
185604.000			-13.520			-2.253
185705.000			-13.519			-2.253
185804.000			-13.518			-2.253
185904.000			-13.518			-2.253
186005.000			-13.519			-2.253
186104.000			-13.519			-2.253
186204.000			-13.518			-2.253
186304.000			-13.517			-2.253
186404.000			-13.518			-2.253
186504.000			-13.519			-2.253
186605.000			-13.518			-2.253
186704.000			-13.517			-2.253
186804.000			-13.516			-2.253
186905.000			-13.517			-2.253
187004.000			-13.517			-2.253
187104.000			-13.516			-2.253
187204.000			-13.517			-2.253
187304.000			-13.516			-2.253
187404.000			-13.515			-2.253
187505.000			-13.516			-2.253
187604.000			-13.515			-2.253
187704.000			-13.515			-2.253
187805.000			-13.514			-2.252
187904.000			-13.514			-2.252
188005.000			-13.514			-2.252
188103.000			-13.514			-2.252
188204.000			-13.513			-2.252
188304.000			-13.513			-2.252
188404.000			-13.512			-2.252
188504.000			-13.513			-2.252
188605.000			-13.512			-2.252
188704.000			-13.512			-2.252
188804.000			-13.511			-2.252
188905.000			-13.512			-2.252
189003.000			-13.511			-2.252
189104.000			-13.511			-2.252
189204.000			-13.510			-2.252
189304.000			-13.511			-2.252
189404.000			-13.511			-2.252
189505.000			-13.510			-2.252
189604.000			-13.510			-2.252
189704.000			-13.511			-2.252
189805.000			-13.511			-2.252
189903.000			-13.511			-2.252
190004.000			-13.510			-2.252
190105.000			-13.510			-2.252
190204.000			-13.510			-2.252
190304.000			-13.509			-2.252
190405.000			-13.509			-2.251
190504.000			-13.509			-2.252
190604.000			-13.509			-2.252
190705.000			-13.509			-2.251
190803.000			-13.510			-2.252
190904.000			-13.510			-2.252
191005.000			-13.509			-2.251
191104.000			-13.508			-2.251
191205.000			-13.508			-2.251
191304.000			-13.508			-2.251
191404.000			-13.508			-2.251
191505.000			-13.507			-2.251
191604.000			-13.507			-2.251
191703.000			-13.508			-2.251
191805.000			-13.507			-2.251
191904.000			-13.507			-2.251
192004.000			-13.507			-2.251
192105.000			-13.506			-2.251
192204.000			-13.507			-2.251
192304.000			-13.506			-2.251
192405.000			-13.505			-2.251
192504.000			-13.506			-2.251
192603.000			-13.506			-2.251
192705.000			-13.505			-2.251
192804.000			-13.505			-2.251
192904.000			-13.505			-2.251
193005.000			-13.505			-2.251
193104.000			-13.506			-2.251
193204.000			-13.505			-2.251
193305.000			-13.504			-2.251
193404.000			-13.505			-2.251
193503.000			-13.506			-2.251
193605.000			-13.505			-2.251
193704.000			-13.505			-2.251
193804.000			-13.504			-2.251
193905.000			-13.504			-2.251
194004.000			-13.503			-2.250
194104.000			-13.502			-2.250
194204.000			-13.502			-2.250
194304.000			-13.502			-2.250
194403.000			-13.502			-2.250
194504.000			-13.502			-2.250
194604.000			-13.502			-2.250
194705.000			-13.501			-2.250
194804.000			-13.501			-2.250
194904.000			-13.501			-2.250
195005.000			-13.502			-2.250
195103.000			-13.502			-2.250
195204.000			-13.502			-2.250
195304.000			-13.501			-2.250
195404.000			-13.501			-2.250
195504.000			-13.500			-2.250
195605.000			-13.499			-2.250
195704.000			-13.500			-2.250
195804.000			-13.502			-2.250
195905.000			-13.501			-2.250
196003.000			-13.500			-2.250
196104.000			-13.499			-2.250
196204.000			-13.499			-2.250
196304.000			-13.499			-2.250
196404.000			-13.499			-2.250
196505.000			-13.500			-2.250
196604.000			-13.500			-2.250
196704.000			-13.499			-2.250
196805.000			-13.498			-2.250
196904.000			-13.499			-2.250
197004.000			-13.499			-2.250
197104.000			-13.498			-2.250
197204.000			-13.497			-2.250
197304.000			-13.498			-2.250
197405.000			-13.499			-2.250
197504.000			-13.498			-2.250
197605.000			-13.497			-2.249
197704.000			-13.497			-2.250
197804.000			-13.497			-2.250
197905.000			-13.496			-2.249
198004.000			-13.497			-2.249
198104.000			-13.497			-2.249
198204.000			-13.497			-2.249
198304.000			-13.496			-2.249
198404.000			-13.496			-2.249
198505.000			-13.496			-2.249
198604.000			-13.496			-2.249
198704.000			-13.496			-2.249
198805.000			-13.495			-2.249
198904.000			-13.494			-2.249
199004.000			-13.495			-2.249
199104.000			-13.496			-2.249
199204.000			-13.494			-2.249
199303.000			-13.494			-2.249
199405.000			-13.494			-2.249
199504.000			-13.494			-2.249
199604.000			-13.495			-2.249
199705.000			-13.494			-2.249
199804.000			-13.493			-2.249
199904.000			-13.493			-2.249
200005.000			-13.494			-2.249
200104.000			-13.493			-2.249
200203.000			-13.492			-2.249
200305.000			-13.493			-2.249
200404.000			-13.494			-2.249
200504.000			-13.493			-2.249
200605.000			-13.493			-2.249
200704.000			-13.492			-2.249
200805.000			-13.492			-2.249
200903.000			-13.491			-2.249
201004.000			-13.491			-2.248
201104.000			-13.491			-2.249
201204.000			-13.491			-2.249
201304.000			-13.491			-2.248
201405.000			-13.491			-2.248
201504.000			-13.491			-2.248
201604.000			-13.491			-2.248
201705.000			-13.490			-2.248
201803.000			-13.489			-2.248
201904.000			-13.489			-2.248
202005.000			-13.489			-2.248
202104.000			-13.489			-2.248
202204.000			-13.489			-2.248
202305.000			-13.489			-2.248
202404.000			-13.489			-2.248
202504.000			-13.488			-2.248
202605.000			-13.489			-2.248
202703.000			-13.488			-2.248
202804.000			-13.487			-2.248
202905.000			-13.487			-2.248
203004.000			-13.487			-2.248
203104.000			-13.486			-2.248
203205.000			-13.487			-2.248
203304.000			-13.487			-2.248
203404.000			-13.487			-2.248
203505.000			-13.487			-2.248
203603.000			-13.486			-2.248
203704.000			-13.486			-2.248
203805.000			-13.486			-2.248
203904.000			-13.486			-2.248
204005.000			-13.486			-2.248
204104.000			-13.486			-2.248
204204.000			-13.484			-2.247
204305.000			-13.485			-2.248
204404.000			-13.485			-2.248
204503.000			-13.485			-2.248
204605.000			-13.485			-2.247
204704.000			-13.485			-2.248
204804.000			-13.485			-2.247
204905.000			-13.484			-2.247
205004.000			-13.484			-2.247
205104.000			-13.484			-2.247
205205.000			-13.484			-2.247
205304.000			-13.483			-2.247
205403.000			-13.484			-2.247
205505.000			-13.483			-2.247
205604.000			-13.482			-2.247
205704.000			-13.482			-2.247
205805.000			-13.483			-2.247
205904.000			-13.483			-2.247
206004.000			-13.482			-2.247
206105.000			-13.483			-2.247
206204.000			-13.482			-2.247
206303.000			-13.482			-2.247
206405.000			-13.482			-2.247
206504.000			-13.482			-2.247
206604.000			-13.481			-2.247
206705.000			-13.481			-2.247
206804.000			-13.481			-2.247
206904.000			-13.481			-2.247
207004.000			-13.480			-2.247
207104.000			-13.481			-2.247
207203.000			-13.480			-2.247
207304.000			-13.480			-2.247
207404.000			-13.479			-2.247
207505.000			-13.479			-2.247
207604.000			-13.480			-2.247
207704.000			-13.480			-2.247
207805.000			-13.479			-2.246
207904.000			-13.478			-2.246
208004.000			-13.479			-2.246
208104.000			-13.479			-2.247
208204.000			-13.479			-2.246
208304.000			-13.478			-2.246
208405.000			-13.479			-2.246
208504.000			-13.478			-2.246
208604.000			-13.479			-2.246
208705.000			-13.478			-2.246
208804.000			-13.477			-2.246
208904.000			-13.476			-2.246
209004.000			-13.476			-2.246
209104.000			-13.476			-2.246
209204.000			-13.476			-2.246
209305.000			-13.476			-2.246
209404.000			-13.475			-2.246
209504.000			-13.476			-2.246
209605.000			-13.476			-2.246
209704.000			-13.475			-2.246
209804.000			-13.475			-2.246
209904.000			-13.476			-2.246
210004.000			-13.476			-2.246
210104.000			-13.476			-2.246
210205.000			-13.476			-2.246
210304.000			-13.474			-2.246
210405.000			-13.474			-2.246
210504.000			-13.474			-2.246
210604.000			-13.474			-2.246
210705.000			-13.474			-2.246
210803.000			-13.475			-2.246
210904.000			-13.473			-2.246
211005.000			-13.474			-2.246
211104.000			-13.474			-2.246
211204.000			-13.473			-2.246
211305.000			-13.473			-2.246
211404.000			-13.473			-2.246
211503.000			-13.472			-2.245
211605.000			-13.472			-2.245
211703.000			-13.472			-2.245
211804.000			-13.472			-2.245
211905.000			-13.472			-2.245
212004.000			-13.472			-2.245
212104.000			-13.472			-2.245
212205.000			-13.472			-2.245
212304.000			-13.470			-2.245
212403.000			-13.471			-2.245
212505.000			-13.471			-2.245
212604.000			-13.470			-2.245
212704.000			-13.469			-2.245
212805.000			-13.470			-2.245
212904.000			-13.469			-2.245
213004.000			-13.469			-2.245
213105.000			-13.469			-2.245
213204.000			-13.469			-2.245
213303.000			-13.469			-2.245
213405.000			-13.469			-2.245
213504.000			-13.468			-2.245
213605.000			-13.469			-2.245
213704.000			-13.467			-2.245
213804.000			-13.468			-2.245
213905.000			-13.468			-2.245
214004.000			-13.468			-2.245
214104.000			-13.468			-2.245
214204.000			-13.467			-2.245
214304.000			-13.466			-2.244
214404.000			-13.466			-2.244
214505.000			-13.466			-2.244
214604.000			-13.466			-2.244
214704.000			-13.466			-2.244
214805.000			-13.465			-2.244
214903.000			-13.464			-2.244
215004.000			-13.464			-2.244
215104.000			-13.465			-2.244
215204.000			-13.465			-2.244
215304.000			-13.465			-2.244
215405.000			-13.464			-2.244
215504.000			-13.464			-2.244
215604.000			-13.464			-2.244
215705.000			-13.463			-2.244
215803.000			-13.463			-2.244
215904.000			-13.462			-2.244
216005.000			-13.462			-2.244
216104.000			-13.463			-2.244
216204.000			-13.462			-2.244
216305.000			-13.463			-2.244
216404.000			-13.463			-2.244
216504.000			-13.463			-2.244
216605.000			-13.462			-2.244
216703.000			-13.462			-2.244
216805.000			-13.462			-2.244
216904.000			-13.463			-2.244
217004.000			-13.463			-2.244
217105.000			-13.462			-2.244
217204.000			-13.461			-2.244
217304.000			-13.461			-2.244
217405.000			-13.461			-2.243
217504.000			-13.461			-2.244
217603.000			-13.462			-2.244
217705.000			-13.461			-2.244
217804.000			-13.462			-2.244
217904.000			-13.460			-2.243
218005.000			-13.461			-2.244
218104.000			-13.460			-2.243
218204.000			-13.461			-2.243
218304.000			-13.461			-2.244
218404.000			-13.460			-2.243
218503.000			-13.460			-2.243
218605.000			-13.460			-2.243
218704.000			-13.459			-2.243
218804.000			-13.459			-2.243
218905.000			-13.458			-2.243
219004.000			-13.459			-2.243
219104.000			-13.460			-2.243
219204.000			-13.460			-2.243
219304.000			-13.459			-2.243
219403.000			-13.459			-2.243
219505.000			-13.459			-2.243
219604.000			-13.458			-2.243
219704.000			-13.459			-2.243
219805.000			-13.459			-2.243
219904.000			-13.459			-2.243
220005.000			-13.458			-2.243
220104.000			-13.458			-2.243
220204.000			-13.457			-2.243
220304.000			-13.457			-2.243
220404.000			-13.457			-2.243
220504.000			-13.457			-2.243
220605.000			-13.457			-2.243
220704.000			-13.457			-2.243
220804.000			-13.456			-2.243
220905.000			-13.457			-2.243
221003.000			-13.457			-2.243
221104.000			-13.456			-2.243
221204.000			-13.455			-2.243
221304.000			-13.455			-2.242
221404.000			-13.456			-2.243
221505.000			-13.455			-2.243
221604.000			-13.456			-2.243
221704.000			-13.455			-2.243
221805.000			-13.454			-2.242
221903.000			-13.454			-2.242
222004.000			-13.455			-2.242
222105.000			-13.455			-2.243
222204.000			-13.455			-2.242
222304.000			-13.455			-2.242
222405.000			-13.455			-2.243
222504.000			-13.454			-2.242
222604.000			-13.454			-2.242
222705.000			-13.454			-2.242
222803.000			-13.454			-2.242
222904.000			-13.454			-2.242
223005.000			-13.453			-2.242
223104.000			-13.453			-2.242
223205.000			-13.451			-2.242
223304.000			-13.451			-2.242
223404.000			-13.453			-2.242
223504.000			-13.453			-2.242
223604.000			-13.452			-2.242
223703.000			-13.451			-2.242
223805.000			-13.449			-2.242
223904.000			-13.450			-2.242
224004.000			-13.450			-2.242
224105.000			-13.449			-2.242
224204.000			-13.449			-2.242
224304.000			-13.448			-2.241
224404.000			-13.448			-2.241
224504.000			-13.449			-2.241
224603.000			-13.447			-2.241
224705.000			-13.448			-2.241
224804.000			-13.447			-2.241
224904.000			-13.446			-2.241
225005.000			-13.448			-2.241
225104.000			-13.446			-2.241
225204.000			-13.446			-2.241
225304.000			-13.447			-2.241
225404.000			-13.445			-2.241
225503.000			-13.445			-2.241
225605.000			-13.446			-2.241
225704.000			-13.446			-2.241
225804.000			-13.446			-2.241
225905.000			-13.446			-2.241
226004.000			-13.445			-2.241
226104.000			-13.446			-2.241
226204.000			-13.446			-2.241
226304.000			-13.446			-2.241
226405.000			-13.446			-2.241
226504.000			-13.445			-2.241
226604.000			-13.445			-2.241
226705.000			-13.445			-2.241
226804.000			-13.446			-2.241
226904.000			-13.447			-2.241
227005.000			-13.446			-2.241
227103.000			-13.445			-2.241
227204.000			-13.445			-2.241
227305.000			-13.445			-2.241
227404.000			-13.445			-2.241
227504.000			-13.445			-2.241
227605.000			-13.445			-2.241
227704.000			-13.445			-2.241
227804.000			-13.445			-2.241
227905.000			-13.445			-2.241
228003.000			-13.444			-2.241
228104.000			-13.444			-2.241
228205.000			-13.445			-2.241
228304.000			-13.444			-2.241
228404.000			-13.444			-2.241
228505.000			-13.445			-2.241
228604.000			-13.444			-2.241
228704.000			-13.443			-2.240
228805.000			-13.444			-2.241
228903.000			-13.445			-2.241
229004.000			-13.443			-2.241
229105.000			-13.442			-2.240
229204.000			-13.442			-2.240
229304.000			-13.443			-2.241
229405.000			-13.443			-2.240
229504.000			-13.443			-2.240
229605.000			-13.444			-2.241
229704.000			-13.443			-2.240
229803.000			-13.442			-2.240
229905.000			-13.442			-2.240
230004.000			-13.442			-2.240
230104.000			-13.442			-2.240
230205.000			-13.442			-2.240
230304.000			-13.441			-2.240
230404.000			-13.441			-2.240
230504.000			-13.442			-2.240
230604.000			-13.442			-2.240
230703.000			-13.441			-2.240
230805.000			-13.441			-2.240
230904.000			-13.442			-2.240
231004.000			-13.441			-2.240
231105.000			-13.441			-2.240
231204.000			-13.441			-2.240
231304.000			-13.440			-2.240
231404.000			-13.440			-2.240
231504.000			-13.440			-2.240
231604.000			-13.441			-2.240
231705.000			-13.440			-2.240
231804.000			-13.440			-2.240
231904.000			-13.439			-2.240
232005.000			-13.439			-2.240
232103.000			-13.438			-2.240
232204.000			-13.437			-2.240
232304.000			-13.438			-2.240
232404.000			-13.438			-2.240
232504.000			-13.438			-2.240
232605.000			-13.438			-2.240
232704.000			-13.438			-2.240
232805.000			-13.437			-2.240
232904.000			-13.436			-2.239
233003.000			-13.437			-2.239
233105.000			-13.438			-2.240
233204.000			-13.437			-2.240
233304.000			-13.437			-2.240
233405.000			-13.438			-2.240
233504.000			-13.438			-2.240
233604.000			-13.438			-2.240
233705.000			-13.436			-2.239
233804.000			-13.436			-2.239
233903.000			-13.436			-2.239
234005.000			-13.436			-2.239
234104.000			-13.436			-2.239
234204.000			-13.435			-2.239
234305.000			-13.435			-2.239
234404.000			-13.434			-2.239
234504.000			-13.434			-2.239
234605.000			-13.434			-2.239
234704.000			-13.435			-2.239
234803.000			-13.436			-2.239
234905.000			-13.436			-2.239
235004.000			-13.434			-2.239
235104.000			-13.434			-2.239
235205.000			-13.434			-2.239
235304.000			-13.434			-2.239
235404.000			-13.434			-2.239
235505.000			-13.434			-2.239
235604.000			-13.434			-2.239
235703.000			-13.434			-2.239
235805.000			-13.433			-2.239
235904.000			-13.433			-2.239
236005.000			-13.433			-2.239
236104.000			-13.434			-2.239
236204.000			-13.432			-2.239
236305.000			-13.433			-2.239
236403.000			-13.432			-2.239
236504.000			-13.432			-2.239
236604.000			-13.431			-2.239
236704.000			-13.432			-2.239
236804.000			-13.432			-2.239
236905.000			-13.432			-2.239
237004.000			-13.432			-2.239
237104.000			-13.431			-2.239
237205.000			-13.431			-2.238
237303.000			-13.431			-2.238
237404.000			-13.431			-2.239
237505.000			-13.431			-2.239
237604.000			-13.431			-2.239
237704.000			-13.431			-2.238
237805.000			-13.430			-2.238
237904.000			-13.430			-2.238
238004.000			-13.429			-2.238
238105.000			-13.429			-2.238
238203.000			-13.429			-2.238
238304.000			-13.429			-2.238
238405.000			-13.428			-2.238
238504.000			-13.429			-2.238
238604.000			-13.429			-2.238
238705.000			-13.428			-2.238
238804.000			-13.428			-2.238
238904.000			-13.429			-2.238
239005.000			-13.428			-2.238
239103.000			-13.428			-2.238
239205.000			-13.428			-2.238
239303.000			-13.427			-2.238
239404.000			-13.428			-2.238
239505.000			-13.428			-2.238
239604.000			-13.427			-2.238
239704.000			-13.427			-2.238
239805.000			-13.428			-2.238
239904.000			-13.427			-2.238
240003.000			-13.427			-2.238
240105.000			-13.427			-2.238
240203.000			-13.426			-2.238
240304.000			-13.427			-2.238
240405.000			-13.428			-2.238
240504.000			-13.426			-2.238
240604.000			-13.427			-2.238
240705.000			-13.427			-2.238
240804.000			-13.426			-2.238
240903.000			-13.426			-2.238
241005.000			-13.425			-2.238
241104.000			-13.425			-2.238
241204.000			-13.424			-2.237
241305.000			-13.424			-2.237
241404.000			-13.424			-2.237
241504.000			-13.424			-2.237
241605.000			-13.423			-2.237
241704.000			-13.422			-2.237
241803.000			-13.422			-2.237
241905.000			-13.422			-2.237
242004.000			-13.422			-2.237
242104.000			-13.422			-2.237
242205.000			-13.420			-2.237
242304.000			-13.419			-2.237
242405.000			-13.421			-2.237
242503.000			-13.421			-2.237
242604.000			-13.420			-2.237
242704.000			-13.420			-2.237
242804.000			-13.419			-2.237
242904.000			-13.418			-2.236
243005.000			-13.418			-2.236
243104.000			-13.417			-2.236
243204.000			-13.418			-2.236
243305.000			-13.417			-2.236
243403.000			-13.417			-2.236
243504.000			-13.417			-2.236
243604.000			-13.416			-2.236
243704.000			-13.417			-2.236
243804.000			-13.416			-2.236
243905.000			-13.415			-2.236
244004.000			-13.416			-2.236
244104.000			-13.416			-2.236
244205.000			-13.415			-2.236
244303.000			-13.415			-2.236
244404.000			-13.415			-2.236
244505.000			-13.415			-2.236
244604.000			-13.415			-2.236
244704.000			-13.415			-2.236
244805.000			-13.415			-2.236
244904.000			-13.415			-2.236
245004.000			-13.414			-2.236
245105.000			-13.413			-2.236
245203.000			-13.414			-2.236
245304.000			-13.414			-2.236
245405.000			-13.414			-2.236
245504.000			-13.415			-2.236
245605.000			-13.414			-2.236
245704.000			-13.413			-2.236
245804.000			-13.415			-2.236
245905.000			-13.415			-2.236
246004.000			-13.414			-2.236
246103.000			-13.414			-2.236
246205.000			-13.413			-2.236
246304.000			-13.412			-2.235
246404.000			-13.412			-2.235
246505.000			-13.413			-2.236
246604.000			-13.413			-2.236
246704.000			-13.413			-2.235
246804.000			-13.413			-2.236
246904.000			-13.412			-2.235
247003.000			-13.412			-2.235
247105.000			-13.413			-2.236
247204.000			-13.414			-2.236
247304.000			-13.413			-2.236
247405.000			-13.413			-2.235
247504.000			-13.412			-2.235
247604.000			-13.412			-2.235
247704.000			-13.412			-2.235
247804.000			-13.413			-2.235
247904.000			-13.412			-2.235
248005.000			-13.412			-2.235
248104.000			-13.412			-2.235
248204.000			-13.412			-2.235
248305.000			-13.413			-2.235
248404.000			-13.412			-2.235
248504.000			-13.412			-2.235
248604.000			-13.412			-2.235
248704.000			-13.412			-2.235
248805.000			-13.412			-2.235
248904.000			-13.412			-2.235
249004.000			-13.412			-2.235
249105.000			-13.410			-2.235
249204.000			-13.411			-2.235
249304.000			-13.412			-2.235
249405.000			-13.411			-2.235
249503.000			-13.411			-2.235
249604.000			-13.411			-2.235
249705.000			-13.412			-2.235
249804.000			-13.411			-2.235
249904.000			-13.410			-2.235
250005.000			-13.411			-2.235
250104.000			-13.409			-2.235
250204.000			-13.410			-2.235
250305.000			-13.410			-2.235
250403.000			-13.410			-2.235
250504.000			-13.410			-2.235
250605.000			-13.409			-2.235
250704.000			-13.409			-2.235
250804.000			-13.409			-2.235
250905.000			-13.409			-2.235
251004.000			-13.408			-2.235
251103.000			-13.407			-2.234
251205.000			-13.407			-2.235
251303.000			-13.407			-2.235
251404.000			-13.408			-2.235
251505.000			-13.406			-2.234
251604.000			-13.406			-2.234
251704.000			-13.406			-2.234
251805.000			-13.407			-2.234
251904.000			-13.407			-2.234
252003.000			-13.406			-2.234
252104.000			-13.406			-2.234
252203.000			-13.406			-2.234
252305.000			-13.405			-2.234
252404.000			-13.405			-2.234
252504.000			-13.404			-2.234
252605.000			-13.405			-2.234
252704.000			-13.406			-2.234
252804.000			-13.406			-2.234
252904.000			-13.405			-2.234
253004.000			-13.405			-2.234
253103.000			-13.405			-2.234
253205.000			-13.405			-2.234
253304.000			-13.406			-2.234
253404.000			-13.406			-2.234
253505.000			-13.405			-2.234
253604.000			-13.404			-2.234
253704.000			-13.404			-2.234
253804.000			-13.405			-2.234
253904.000			-13.405			-2.234
254004.000			-13.405			-2.234
254105.000			-13.405			-2.234
254204.000			-13.406			-2.234
254304.000			-13.405			-2.234
254405.000			-13.404			-2.234
254504.000			-13.405			-2.234
254604.000			-13.405			-2.234
254704.000			-13.405			-2.234
254804.000			-13.404			-2.234
254904.000			-13.404			-2.234
255005.000			-13.405			-2.234
255104.000			-13.404			-2.234
255205.000			-13.404			-2.234
255304.000			-13.404			-2.234
255404.000			-13.403			-2.234
255505.000			-13.403			-2.234
255603.000			-13.403			-2.234
255704.000			-13.403			-2.234
255805.000			-13.404			-2.234
255904.000			-13.404			-2.234
256004.000			-13.403			-2.234
256105.000			-13.403			-2.234
256204.000			-13.404			-2.234
256303.000			-13.403			-2.234
256405.000			-13.403			-2.234
256504.000			-13.403			-2.234
256604.000			-13.404			-2.234
256705.000			-13.403			-2.234
256804.000			-13.402			-2.234
256904.000			-13.402			-2.234
257005.000			-13.402			-2.234
257104.000			-13.402			-2.234
257203.000			-13.402			-2.234
257305.000			-13.402			-2.234
257404.000			-13.403			-2.234
257504.000			-13.403			-2.234
257605.000			-13.402			-2.234
257704.000			-13.402			-2.234
257804.000			-13.402			-2.234
257905.000			-13.402			-2.234
258004.000			-13.401			-2.234
258103.000			-13.400			-2.233
258205.000			-13.400			-2.233
258304.000			-13.400			-2.233
258405.000			-13.401			-2.233
258504.000			-13.400			-2.233
258604.000			-13.400			-2.233
258705.000			-13.398			-2.233
258804.000			-13.399			-2.233
258904.000			-13.399			-2.233
259004.000			-13.398			-2.233
259104.000			-13.398			-2.233
259204.000			-13.398			-2.233
259305.000			-13.397			-2.233
259404.000			-13.397			-2.233
259504.000			-13.396			-2.233
259605.000			-13.396			-2.233
259704.000			-13.397			-2.233
259804.000			-13.397			-2.233
259904.000			-13.397			-2.233
260004.000			-13.396			-2.233
260103.000			-13.395			-2.232
260205.000			-13.395			-2.233
260304.000			-13.396			-2.233
260404.000			-13.396			-2.233
260505.000			-13.396			-2.233
260604.000			-13.395			-2.233
260704.000			-13.396			-2.233
260804.000			-13.396			-2.233
260904.000			-13.394			-2.232
261003.000			-13.395			-2.233
261105.000			-13.395			-2.233
261204.000			-13.395			-2.233
261304.000			-13.395			-2.232
261405.000			-13.394			-2.232
261504.000			-13.395			-2.233
261605.000			-13.394			-2.232
261703.000			-13.395			-2.232
261804.000			-13.394			-2.232
261905.000			-13.393			-2.232
262004.000			-13.393			-2.232
262104.000			-13.393			-2.232
262205.000			-13.393			-2.232
262304.000			-13.393			-2.232
262404.000			-13.393			-2.232
262505.000			-13.392			-2.232
262603.000			-13.392			-2.232
262704.000			-13.391			-2.232
262805.000			-13.391			-2.232
262904.000			-13.391			-2.232
263004.000			-13.390			-2.232
263105.000			-13.390			-2.232
263204.000			-13.389			-2.232
263304.000			-13.389			-2.232
263405.000			-13.388			-2.231
263503.000			-13.389			-2.231
263604.000			-13.389			-2.232
263705.000			-13.388			-2.231
263804.000			-13.388			-2.231
263904.000			-13.386			-2.231
264005.000			-13.386			-2.231
264104.000			-13.388			-2.231
264204.000			-13.387			-2.231
264305.000			-13.387			-2.231
264403.000			-13.387			-2.231
264504.000			-13.387			-2.231
264605.000			-13.387			-2.231
264704.000			-13.386			-2.231
264805.000			-13.386			-2.231
264904.000			-13.386			-2.231
265004.000			-13.386			-2.231
265105.000			-13.386			-2.231
265204.000			-13.388			-2.231
265303.000			-13.387			-2.231
265405.000			-13.387			-2.231
265504.000			-13.387			-2.231
265604.000			-13.386			-2.231
265705.000			-13.386			-2.231
265804.000			-13.387			-2.231
265904.000			-13.386			-2.231
266005.000			-13.386			-2.231
266104.000			-13.386			-2.231
266203.000			-13.386			-2.231
266305.000			-13.386			-2.231
266403.000			-13.385			-2.231
266504.000			-13.385			-2.231
266605.000			-13.386			-2.231
266704.000			-13.386			-2.231
266804.000			-13.385			-2.231
266905.000			-13.385			-2.231
267004.000			-13.385			-2.231
267103.000			-13.385			-2.231
267205.000			-13.384			-2.231
267303.000			-13.384			-2.231
267404.000			-13.384			-2.231
267505.000			-13.385			-2.231
267604.000			-13.384			-2.231
267704.000			-13.384			-2.231
267805.000			-13.383			-2.231
267904.000			-13.383			-2.231
268003.000			-13.384			-2.231
268104.000			-13.383			-2.231
268203.000			-13.383			-2.230
268305.000			-13.383			-2.230
268404.000			-13.381			-2.230
268504.000			-13.382			-2.230
268605.000			-13.382			-2.230
268704.000			-13.381			-2.230
268804.000			-13.382			-2.230
268904.000			-13.381			-2.230
269004.000			-13.380			-2.230
269103.000			-13.380			-2.230
269205.000			-13.381			-2.230
269304.000			-13.379			-2.230
269404.000			-13.379			-2.230
269505.000			-13.379			-2.230
269604.000			-13.379			-2.230
269704.000			-13.379			-2.230
269804.000			-13.379			-2.230
269904.000			-13.379			-2.230
270003.000			-13.379			-2.230
270105.000			-13.378			-2.230
270204.000			-13.378			-2.230
270304.000			-13.378			-2.230
270405.000			-13.380			-2.230
270504.000			-13.379			-2.230
270604.000			-13.379			-2.230
270704.000			-13.379			-2.230
270804.000			-13.378			-2.230
270903.000			-13.378			-2.230
271005.000			-13.378			-2.230
271104.000			-13.377			-2.230
271205.000			-13.378			-2.230
271304.000			-13.378			-2.230
271404.000			-13.378			-2.230
271505.000			-13.377			-2.229
271603.000			-13.376			-2.229
271704.000			-13.377			-2.229
271804.000			-13.376			-2.229
271904.000			-13.376			-2.229
272004.000			-13.376			-2.229
272105.000			-13.376			-2.229
272204.000			-13.375			-2.229
272304.000			-13.374			-2.229
272405.000			-13.375			-2.229
272503.000			-13.375			-2.229
272604.000			-13.374			-2.229
272705.000			-13.375			-2.229
272804.000			-13.374			-2.229
272904.000			-13.375			-2.229
273005.000			-13.374			-2.229
273104.000			-13.374			-2.229
273204.000			-13.374			-2.229
273305.000			-13.373			-2.229
273403.000			-13.373			-2.229
273504.000			-13.373			-2.229
273605.000			-13.373			-2.229
273704.000			-13.375			-2.229
273804.000			-13.375			-2.229
273905.000			-13.374			-2.229
274004.000			-13.373			-2.229
274104.000			-13.373			-2.229
274205.000			-13.373			-2.229
274303.000			-13.374			-2.229
274405.000			-13.374			-2.229
274504.000			-13.374			-2.229
274604.000			-13.375			-2.229
274705.000			-13.374			-2.229
274804.000			-13.374			-2.229
274904.000			-13.375			-2.229
275005.000			-13.374			-2.229
275104.000			-13.373			-2.229
275203.000			-13.374			-2.229
275305.000			-13.373			-2.229
275403.000			-13.374			-2.229
275504.000			-13.373			-2.229
275605.000			-13.373			-2.229
275704.000			-13.374			-2.229
275804.000			-13.373			-2.229
275905.000			-13.374			-2.229
276004.000			-13.374			-2.229
276103.000			-13.374			-2.229
276205.000			-13.373			-2.229
276303.000			-13.374			-2.229
276404.000			-13.373			-2.229
276505.000			-13.372			-2.229
276604.000			-13.372			-2.229
276704.000			-13.372			-2.229
276805.000			-13.372			-2.229
276904.000			-13.372			-2.229
277003.000			-13.372			-2.229
277105.000			-13.372			-2.229
277203.000			-13.372			-2.229
277304.000			-13.372			-2.229
277405.000			-13.371			-2.228
277504.000			-13.370			-2.228
277605.000			-13.370			-2.228
277704.000			-13.370			-2.228
277804.000			-13.370			-2.228
277904.000			-13.370			-2.228
278004.000			-13.369			-2.228
278103.000			-13.371			-2.229
278205.000			-13.371			-2.229
278304.000			-13.370			-2.228
278404.000			-13.370			-2.228
278505.000			-13.371			-2.229
278604.000			-13.371			-2.228
278704.000			-13.370			-2.228
278804.000			-13.370			-2.228
278904.000			-13.370			-2.228
279003.000			-13.371			-2.228
279105.000			-13.370			-2.228
279204.000			-13.370			-2.228
279304.000			-13.370			-2.228
279405.000			-13.371			-2.229
279504.000			-13.370			-2.228
279604.000			-13.369			-2.228
279704.000			-13.369			-2.228
279804.000			-13.369			-2.228
279903.000			-13.369			-2.228
280005.000			-13.369			-2.228
280104.000			-13.369			-2.228
280204.000			-13.369			-2.228
280305.000			-13.370			-2.228
280404.000			-13.370			-2.228
280504.000			-13.368			-2.228
280604.000			-13.369			-2.228
280704.000			-13.369			-2.228
280803.000			-13.369			-2.228
280904.000			-13.369			-2.228
281004.000			-13.368			-2.228
281105.000			-13.368			-2.228
281204.000			-13.368			-2.228
281304.000			-13.367			-2.228
281405.000			-13.368			-2.228
281503.000			-13.367			-2.228
281604.000			-13.366			-2.228
281704.000			-13.366			-2.228
281804.000			-13.365			-2.228
281904.000			-13.365			-2.227
282005.000			-13.364			-2.227
282104.000			-13.366			-2.228
282204.000			-13.366			-2.228
282305.000			-13.366			-2.228
282403.000			-13.365			-2.228
282504.000			-13.365			-2.228
282604.000			-13.365			-2.227
282704.000			-13.364			-2.227
282804.000			-13.365			-2.228
282905.000			-13.367			-2.228
283004.000			-13.365			-2.227
283104.000			-13.364			-2.227
283205.000			-13.365			-2.227
283303.000			-13.365			-2.228
283404.000			-13.364			-2.227
283505.000			-13.365			-2.228
283604.000			-13.366			-2.228
283704.000			-13.365			-2.227
283805.000			-13.364			-2.227
283904.000			-13.365			-2.227
284005.000			-13.364			-2.227
284104.000			-13.365			-2.227
284203.000			-13.365			-2.227
284305.000			-13.364			-2.227
284403.000			-13.364			-2.227
284504.000			-13.364			-2.227
284605.000			-13.365			-2.227
284704.000			-13.363			-2.227
284804.000			-13.364			-2.227
284905.000			-13.365			-2.227
285004.000			-13.364			-2.227
285103.000			-13.364			-2.227
285205.000			-13.364			-2.227
285303.000			-13.364			-2.227
285404.000			-13.363			-2.227
285505.000			-13.363			-2.227
285604.000			-13.363			-2.227
285704.000			-13.364			-2.227
285805.000			-13.364			-2.227
285904.000			-13.365			-2.227
286004.000			-13.365			-2.227
286105.000			-13.364			-2.227
286203.000			-13.364			-2.227
286304.000			-13.364			-2.227
286405.000			-13.362			-2.227
286504.000			-13.363			-2.227
286604.000			-13.363			-2.227
286705.000			-13.363			-2.227
286804.000			-13.362			-2.227
286903.000			-13.363			-2.227
287005.000			-13.363			-2.227
287103.000			-13.362			-2.227
287205.000			-13.362			-2.227
287304.000			-13.362			-2.227
287404.000			-13.362			-2.227
287505.000			-13.361			-2.227
287604.000			-13.361			-2.227
287704.000			-13.361			-2.227
287804.000			-13.360			-2.227
287904.000			-13.359			-2.227
288003.000			-13.359			-2.227
288105.000			-13.359			-2.227
288204.000			-13.358			-2.226
288304.000			-13.358			-2.226
288405.000			-13.358			-2.226
288504.000			-13.359			-2.226
288604.000			-13.358			-2.226
288705.000			-13.358			-2.226
288804.000			-13.357			-2.226
288903.000			-13.357			-2.226
289005.000			-13.357			-2.226
289104.000			-13.358			-2.226
289204.000			-13.357			-2.226
289305.000			-13.357			-2.226
289404.000			-13.358			-2.226
289504.000			-13.358			-2.226
289605.000			-13.357			-2.226
289704.000			-13.356			-2.226
289803.000			-13.357			-2.226
289905.000			-13.357			-2.226
290004.000			-13.356			-2.226
290104.000			-13.356			-2.226
290205.000			-13.357			-2.226
290304.000			-13.357			-2.226
290405.000			-13.356			-2.226
290504.000			-13.356			-2.226
290604.000			-13.356			-2.226
290704.000			-13.356			-2.226
290804.000			-13.357			-2.226
290903.000			-13.356			-2.226
291005.000			-13.356			-2.226
291104.000			-13.356			-2.226
291204.000			-13.356			-2.226
291305.000			-13.355			-2.226
291404.000			-13.355			-2.226
291504.000			-13.356			-2.226
291604.000			-13.355			-2.226
291704.000			-13.355			-2.226
291803.000			-13.355			-2.226
291905.000			-13.355			-2.226
292004.000			-13.355			-2.226
292104.000			-13.355			-2.226
292205.000			-13.354			-2.226
292304.000			-13.355			-2.226
292404.000			-13.354			-2.226
292504.000			-13.354			-2.226
292604.000			-13.353			-2.226
292703.000			-13.353			-2.226
292805.000			-13.354			-2.226
292904.000			-13.353			-2.226
293004.000			-13.352			-2.225
293105.000			-13.353			-2.225
293204.000			-13.353			-2.225
293304.000			-13.353			-2.225
293404.000			-13.353			-2.226
293504.000			-13.354			-2.226
293605.000			-13.353			-2.225
293704.000			-13.352			-2.225
293804.000			-13.352			-2.225
293905.000			-13.351			-2.225
294004.000			-13.351			-2.225
294104.000			-13.351			-2.225
294205.000			-13.352			-2.225
294303.000			-13.352			-2.225
294404.000			-13.352			-2.225
294505.000			-13.351			-2.225
294604.000			-13.352			-2.225
294704.000			-13.352			-2.225
294805.000			-13.351			-2.225
294904.000			-13.351			-2.225
295004.000			-13.351			-2.225
295105.000			-13.351			-2.225
295203.000			-13.351			-2.225
295304.000			-13.351			-2.225
295405.000			-13.351			-2.225
295504.000			-13.350			-2.225
295604.000			-13.350			-2.225
295705.000			-13.351			-2.225
295804.000			-13.351			-2.225
295903.000			-13.350			-2.225
296005.000			-13.350			-2.225
296103.000			-13.350			-2.225
296204.000			-13.350			-2.225
296305.000			-13.350			-2.225
296404.000			-13.350			-2.225
296504.000			-13.349			-2.225
296605.000			-13.350			-2.225
296704.000			-13.350			-2.225
296805.000			-13.350			-2.225
296904.000			-13.350			-2.225
297003.000			-13.350			-2.225
297105.000			-13.349			-2.225
297204.000			-13.349			-2.225
297304.000			-13.350			-2.225
297405.000			-13.350			-2.225
297504.000			-13.349			-2.225
297604.000			-13.350			-2.225
297705.000			-13.350			-2.225
297804.000			-13.349			-2.225
297903.000			-13.350			-2.225
298005.000			-13.350			-2.225
298104.000			-13.349			-2.225
298204.000			-13.349			-2.225
298305.000			-13.348			-2.225
298404.000			-13.349			-2.225
298504.000			-13.350			-2.225
298605.000			-13.349			-2.225
298704.000			-13.348			-2.225
298803.000			-13.347			-2.224
298905.000			-13.347			-2.224
299003.000			-13.347			-2.225
299104.000			-13.348			-2.225
299205.000			-13.349			-2.225
299304.000			-13.347			-2.225
299404.000			-13.347			-2.225
299505.000			-13.347			-2.225
299604.000			-13.346			-2.224
299704.000			-13.347			-2.225
299805.000			-13.347			-2.225
299903.000			-13.347			-2.225
