# Acquired on 26/01/2024 09:44:25 
# SPIDER: Creep_3mm_HM077x145x38AA-1
# CREEP MEASUREMENT

# time [ms]		force [N]		stiffness [N/mm]
0.000			-13.236			-4.412
104.000			-14.219			-4.740
204.000			-14.542			-4.847
304.000			-14.550			-4.850
405.000			-14.483			-4.828
504.000			-14.459			-4.820
605.000			-14.438			-4.813
704.000			-14.419			-4.806
803.000			-14.402			-4.801
905.000			-14.388			-4.796
1004.000			-14.374			-4.791
1104.000			-14.360			-4.787
1205.000			-14.338			-4.779
1303.000			-14.327			-4.776
1404.000			-14.317			-4.772
1505.000			-14.307			-4.769
1604.000			-14.298			-4.766
1704.000			-14.289			-4.763
1804.000			-14.281			-4.760
1904.000			-14.265			-4.755
2003.000			-14.258			-4.753
2105.000			-14.252			-4.751
2204.000			-14.244			-4.748
2304.000			-14.237			-4.746
2405.000			-14.232			-4.744
2503.000			-14.226			-4.742
2604.000			-14.213			-4.738
2705.000			-14.207			-4.736
2804.000			-14.202			-4.734
2904.000			-14.197			-4.732
3005.000			-14.192			-4.731
3104.000			-14.187			-4.729
3203.000			-14.182			-4.727
3305.000			-14.172			-4.724
3404.000			-14.169			-4.723
3504.000			-14.164			-4.721
3605.000			-14.161			-4.720
3703.000			-14.157			-4.719
3805.000			-14.151			-4.717
3904.000			-14.148			-4.716
4004.000			-14.144			-4.715
4105.000			-14.136			-4.712
4204.000			-14.132			-4.711
4304.000			-14.128			-4.709
4404.000			-14.125			-4.708
4504.000			-14.121			-4.707
4604.000			-14.118			-4.706
4705.000			-14.114			-4.705
4804.000			-14.108			-4.703
4903.000			-14.105			-4.702
5005.000			-14.101			-4.700
5104.000			-14.098			-4.699
5204.000			-14.095			-4.698
5305.000			-14.093			-4.698
5404.000			-14.091			-4.697
5504.000			-14.085			-4.695
5604.000			-14.080			-4.693
5704.000			-14.077			-4.692
5804.000			-14.075			-4.692
5905.000			-14.072			-4.691
6004.000			-14.069			-4.690
6103.000			-14.067			-4.689
6205.000			-14.065			-4.688
6304.000			-14.059			-4.686
6404.000			-14.056			-4.685
6505.000			-14.054			-4.685
6604.000			-14.053			-4.684
6704.000			-14.050			-4.683
6804.000			-14.047			-4.682
6904.000			-14.045			-4.682
7005.000			-14.039			-4.680
7104.000			-14.037			-4.679
7204.000			-14.035			-4.678
7305.000			-14.033			-4.678
7404.000			-14.031			-4.677
7503.000			-14.029			-4.676
7605.000			-14.026			-4.675
7704.000			-14.022			-4.674
7804.000			-14.019			-4.673
7905.000			-14.017			-4.672
8003.000			-14.015			-4.672
8104.000			-14.014			-4.671
8205.000			-14.012			-4.671
8304.000			-14.009			-4.670
8404.000			-14.007			-4.669
8505.000			-14.004			-4.668
8604.000			-14.002			-4.667
8703.000			-14.000			-4.667
8805.000			-13.998			-4.666
8904.000			-13.996			-4.665
9004.000			-13.994			-4.665
9105.000			-13.992			-4.664
9203.000			-13.988			-4.663
9304.000			-13.986			-4.662
9405.000			-13.984			-4.661
9504.000			-13.982			-4.661
9604.000			-13.980			-4.660
9705.000			-13.979			-4.660
9804.000			-13.978			-4.659
9903.000			-13.974			-4.658
10005.000			-13.973			-4.658
10104.000			-13.971			-4.657
10205.000			-13.970			-4.657
10304.000			-13.968			-4.656
10404.000			-13.965			-4.655
10505.000			-13.963			-4.654
10603.000			-13.962			-4.654
10704.000			-13.959			-4.653
10805.000			-13.958			-4.653
10904.000			-13.956			-4.652
11004.000			-13.955			-4.652
11105.000			-13.953			-4.651
11204.000			-13.951			-4.650
11303.000			-13.949			-4.650
11405.000			-13.946			-4.649
11504.000			-13.945			-4.648
11604.000			-13.943			-4.648
11705.000			-13.941			-4.647
11804.000			-13.940			-4.647
11904.000			-13.940			-4.647
12004.000			-13.939			-4.646
12104.000			-13.936			-4.645
12204.000			-13.935			-4.645
12305.000			-13.933			-4.644
12404.000			-13.931			-4.644
12503.000			-13.929			-4.643
12605.000			-13.928			-4.643
12704.000			-13.927			-4.642
12804.000			-13.926			-4.642
12905.000			-13.924			-4.641
13004.000			-13.922			-4.641
13104.000			-13.920			-4.640
13204.000			-13.919			-4.640
13304.000			-13.918			-4.639
13405.000			-13.917			-4.639
13504.000			-13.915			-4.638
13604.000			-13.912			-4.637
13705.000			-13.910			-4.637
13804.000			-13.910			-4.637
13903.000			-13.909			-4.636
14005.000			-13.907			-4.636
14104.000			-13.906			-4.635
14204.000			-13.905			-4.635
14305.000			-13.901			-4.634
14404.000			-13.901			-4.634
14504.000			-13.900			-4.633
14604.000			-13.898			-4.633
14704.000			-13.898			-4.633
14804.000			-13.897			-4.632
14905.000			-13.895			-4.632
15004.000			-13.893			-4.631
15104.000			-13.892			-4.631
15205.000			-13.890			-4.630
15303.000			-13.889			-4.630
15404.000			-13.888			-4.629
15505.000			-13.886			-4.629
15604.000			-13.885			-4.628
15704.000			-13.884			-4.628
15805.000			-13.882			-4.627
15904.000			-13.881			-4.627
16003.000			-13.880			-4.627
16105.000			-13.879			-4.626
16204.000			-13.878			-4.626
16304.000			-13.877			-4.626
16405.000			-13.876			-4.625
16504.000			-13.875			-4.625
16605.000			-13.873			-4.624
16703.000			-13.871			-4.624
16804.000			-13.869			-4.623
16905.000			-13.868			-4.623
17004.000			-13.868			-4.623
17104.000			-13.868			-4.623
17205.000			-13.866			-4.622
17304.000			-13.864			-4.621
17403.000			-13.863			-4.621
17505.000			-13.862			-4.621
17604.000			-13.861			-4.620
17704.000			-13.861			-4.620
17805.000			-13.859			-4.620
17904.000			-13.858			-4.619
18004.000			-13.856			-4.619
18104.000			-13.854			-4.618
18204.000			-13.854			-4.618
18304.000			-13.853			-4.618
18405.000			-13.851			-4.617
18504.000			-13.851			-4.617
18604.000			-13.850			-4.617
18705.000			-13.849			-4.616
18803.000			-13.847			-4.616
18904.000			-13.847			-4.616
19005.000			-13.846			-4.615
19104.000			-13.846			-4.615
19204.000			-13.844			-4.615
19304.000			-13.842			-4.614
19404.000			-13.842			-4.614
19503.000			-13.840			-4.613
19605.000			-13.839			-4.613
19704.000			-13.837			-4.612
19805.000			-13.836			-4.612
19904.000			-13.836			-4.612
20004.000			-13.836			-4.612
20105.000			-13.835			-4.612
20203.000			-13.832			-4.611
20304.000			-13.832			-4.611
20405.000			-13.830			-4.610
20504.000			-13.829			-4.610
20604.000			-13.830			-4.610
20704.000			-13.829			-4.610
20804.000			-13.826			-4.609
20903.000			-13.825			-4.608
21005.000			-13.824			-4.608
21104.000			-13.824			-4.608
21204.000			-13.823			-4.608
21305.000			-13.822			-4.607
21403.000			-13.819			-4.606
21504.000			-13.819			-4.606
21605.000			-13.819			-4.606
21704.000			-13.816			-4.605
21804.000			-13.815			-4.605
21905.000			-13.815			-4.605
22004.000			-13.814			-4.605
22103.000			-13.812			-4.604
22205.000			-13.812			-4.604
22304.000			-13.811			-4.604
22404.000			-13.811			-4.604
22505.000			-13.810			-4.603
22604.000			-13.809			-4.603
22704.000			-13.808			-4.603
22804.000			-13.808			-4.603
22904.000			-13.807			-4.602
23005.000			-13.807			-4.602
23104.000			-13.805			-4.602
23204.000			-13.805			-4.602
23305.000			-13.804			-4.601
23404.000			-13.802			-4.601
23503.000			-13.801			-4.600
23605.000			-13.801			-4.600
23704.000			-13.801			-4.600
23804.000			-13.800			-4.600
23905.000			-13.798			-4.599
24003.000			-13.797			-4.599
24104.000			-13.796			-4.599
24205.000			-13.795			-4.598
24304.000			-13.795			-4.598
24404.000			-13.794			-4.598
24505.000			-13.792			-4.597
24604.000			-13.791			-4.597
24703.000			-13.791			-4.597
24805.000			-13.789			-4.596
24903.000			-13.789			-4.596
25004.000			-13.789			-4.596
25105.000			-13.788			-4.596
25204.000			-13.788			-4.596
25304.000			-13.785			-4.595
25404.000			-13.785			-4.595
25504.000			-13.783			-4.594
25603.000			-13.783			-4.594
25705.000			-13.784			-4.595
25804.000			-13.782			-4.594
25904.000			-13.781			-4.594
26005.000			-13.781			-4.594
26104.000			-13.779			-4.593
26205.000			-13.778			-4.593
26303.000			-13.778			-4.593
26404.000			-13.778			-4.593
26505.000			-13.777			-4.592
26604.000			-13.774			-4.591
26704.000			-13.775			-4.592
26805.000			-13.774			-4.591
26904.000			-13.772			-4.591
27003.000			-13.771			-4.590
27105.000			-13.771			-4.590
27204.000			-13.771			-4.590
27304.000			-13.770			-4.590
27405.000			-13.768			-4.589
27504.000			-13.767			-4.589
27604.000			-13.766			-4.589
27704.000			-13.766			-4.589
27804.000			-13.766			-4.589
27904.000			-13.766			-4.589
28005.000			-13.765			-4.588
28104.000			-13.764			-4.588
28204.000			-13.763			-4.588
28305.000			-13.761			-4.587
28403.000			-13.761			-4.587
28504.000			-13.761			-4.587
28605.000			-13.760			-4.587
28704.000			-13.759			-4.586
28804.000			-13.758			-4.586
28905.000			-13.758			-4.586
29004.000			-13.758			-4.586
29103.000			-13.757			-4.586
29205.000			-13.755			-4.585
29304.000			-13.754			-4.585
29405.000			-13.754			-4.585
29504.000			-13.753			-4.584
29604.000			-13.753			-4.584
29705.000			-13.752			-4.584
29803.000			-13.752			-4.584
29904.000			-13.751			-4.584
30005.000			-13.750			-4.583
30104.000			-13.749			-4.583
30204.000			-13.747			-4.582
30305.000			-13.748			-4.583
30404.000			-13.748			-4.583
30503.000			-13.745			-4.582
30605.000			-13.746			-4.582
30704.000			-13.745			-4.582
30804.000			-13.744			-4.581
30905.000			-13.744			-4.581
31004.000			-13.743			-4.581
31104.000			-13.741			-4.580
31204.000			-13.741			-4.580
31304.000			-13.740			-4.580
31404.000			-13.739			-4.580
31505.000			-13.738			-4.579
31604.000			-13.737			-4.579
31703.000			-13.737			-4.579
31805.000			-13.738			-4.579
31904.000			-13.736			-4.579
32004.000			-13.735			-4.578
32105.000			-13.735			-4.578
32204.000			-13.735			-4.578
32304.000			-13.734			-4.578
32404.000			-13.734			-4.578
32504.000			-13.732			-4.577
32605.000			-13.732			-4.577
32704.000			-13.730			-4.577
32804.000			-13.730			-4.577
32905.000			-13.729			-4.576
33004.000			-13.728			-4.576
33103.000			-13.728			-4.576
33205.000			-13.727			-4.576
33304.000			-13.727			-4.576
33404.000			-13.726			-4.575
33505.000			-13.725			-4.575
33604.000			-13.724			-4.575
33704.000			-13.724			-4.575
33804.000			-13.723			-4.574
33904.000			-13.724			-4.575
34004.000			-13.724			-4.575
34105.000			-13.723			-4.574
34204.000			-13.721			-4.574
34304.000			-13.721			-4.574
34405.000			-13.721			-4.574
34503.000			-13.720			-4.573
34604.000			-13.719			-4.573
34705.000			-13.718			-4.573
34804.000			-13.718			-4.573
34904.000			-13.715			-4.572
35004.000			-13.716			-4.572
35104.000			-13.716			-4.572
35204.000			-13.715			-4.572
35305.000			-13.715			-4.572
35404.000			-13.714			-4.571
35504.000			-13.713			-4.571
35605.000			-13.712			-4.571
35703.000			-13.712			-4.571
35805.000			-13.711			-4.570
35904.000			-13.710			-4.570
36004.000			-13.710			-4.570
36105.000			-13.709			-4.570
36204.000			-13.710			-4.570
36304.000			-13.708			-4.569
36404.000			-13.708			-4.569
36504.000			-13.707			-4.569
36604.000			-13.705			-4.568
36705.000			-13.706			-4.569
36804.000			-13.705			-4.568
36904.000			-13.705			-4.568
37005.000			-13.704			-4.568
37103.000			-13.702			-4.567
37204.000			-13.702			-4.567
37305.000			-13.702			-4.567
37404.000			-13.702			-4.567
37504.000			-13.701			-4.567
37605.000			-13.700			-4.567
37704.000			-13.700			-4.567
37803.000			-13.699			-4.566
37905.000			-13.698			-4.566
38004.000			-13.698			-4.566
38104.000			-13.698			-4.566
38205.000			-13.697			-4.566
38304.000			-13.697			-4.566
38404.000			-13.696			-4.565
38504.000			-13.697			-4.566
38604.000			-13.695			-4.565
38704.000			-13.693			-4.564
38805.000			-13.693			-4.564
38904.000			-13.694			-4.565
39005.000			-13.694			-4.565
39104.000			-13.692			-4.564
39203.000			-13.692			-4.564
39305.000			-13.691			-4.564
39404.000			-13.690			-4.563
39504.000			-13.689			-4.563
39605.000			-13.690			-4.563
39704.000			-13.689			-4.563
39804.000			-13.688			-4.563
39904.000			-13.688			-4.563
40004.000			-13.687			-4.562
40104.000			-13.686			-4.562
40205.000			-13.686			-4.562
40304.000			-13.685			-4.562
40404.000			-13.685			-4.562
40505.000			-13.683			-4.561
40603.000			-13.684			-4.561
40704.000			-13.683			-4.561
40805.000			-13.682			-4.561
40904.000			-13.681			-4.560
41004.000			-13.681			-4.560
41104.000			-13.680			-4.560
41204.000			-13.680			-4.560
41303.000			-13.680			-4.560
41405.000			-13.680			-4.560
41504.000			-13.680			-4.560
41604.000			-13.679			-4.560
41705.000			-13.678			-4.559
41804.000			-13.678			-4.559
41904.000			-13.678			-4.559
42004.000			-13.678			-4.559
42104.000			-13.677			-4.559
42205.000			-13.675			-4.558
42304.000			-13.675			-4.558
42404.000			-13.675			-4.558
42504.000			-13.675			-4.558
42604.000			-13.674			-4.558
42703.000			-13.674			-4.558
42805.000			-13.673			-4.558
42904.000			-13.671			-4.557
43004.000			-13.671			-4.557
43105.000			-13.671			-4.557
43203.000			-13.670			-4.557
43304.000			-13.670			-4.557
43405.000			-13.669			-4.556
43504.000			-13.669			-4.556
43604.000			-13.668			-4.556
43705.000			-13.668			-4.556
43804.000			-13.666			-4.555
43903.000			-13.665			-4.555
44005.000			-13.665			-4.555
44104.000			-13.666			-4.555
44204.000			-13.666			-4.555
44305.000			-13.665			-4.555
44404.000			-13.664			-4.555
44504.000			-13.663			-4.554
44604.000			-13.662			-4.554
44704.000			-13.662			-4.554
44804.000			-13.662			-4.554
44905.000			-13.661			-4.554
45004.000			-13.661			-4.554
45104.000			-13.660			-4.553
45205.000			-13.660			-4.553
45303.000			-13.658			-4.553
45405.000			-13.658			-4.553
45504.000			-13.658			-4.553
45604.000			-13.658			-4.553
45705.000			-13.657			-4.552
45804.000			-13.657			-4.552
45904.000			-13.656			-4.552
46004.000			-13.655			-4.552
46104.000			-13.656			-4.552
46204.000			-13.655			-4.552
46305.000			-13.655			-4.552
46404.000			-13.654			-4.551
46504.000			-13.654			-4.551
46605.000			-13.652			-4.551
46703.000			-13.652			-4.551
46804.000			-13.652			-4.551
46905.000			-13.652			-4.551
47004.000			-13.652			-4.551
47104.000			-13.651			-4.550
47205.000			-13.650			-4.550
47304.000			-13.650			-4.550
47403.000			-13.649			-4.550
47505.000			-13.649			-4.550
47604.000			-13.647			-4.549
47704.000			-13.648			-4.549
47805.000			-13.648			-4.549
47904.000			-13.648			-4.549
48004.000			-13.646			-4.549
48104.000			-13.645			-4.548
48204.000			-13.645			-4.548
48304.000			-13.644			-4.548
48405.000			-13.644			-4.548
48504.000			-13.643			-4.548
48603.000			-13.643			-4.548
48704.000			-13.642			-4.547
48803.000			-13.642			-4.547
48905.000			-13.642			-4.547
49004.000			-13.642			-4.547
49104.000			-13.641			-4.547
49205.000			-13.641			-4.547
49303.000			-13.640			-4.547
49404.000			-13.640			-4.547
49505.000			-13.639			-4.546
49604.000			-13.640			-4.547
49704.000			-13.639			-4.546
49805.000			-13.639			-4.546
49904.000			-13.637			-4.546
50004.000			-13.637			-4.546
50105.000			-13.637			-4.546
50203.000			-13.637			-4.546
50304.000			-13.636			-4.545
50405.000			-13.636			-4.545
50504.000			-13.636			-4.545
50604.000			-13.635			-4.545
50704.000			-13.633			-4.544
50804.000			-13.632			-4.544
50904.000			-13.632			-4.544
51005.000			-13.632			-4.544
51104.000			-13.632			-4.544
51204.000			-13.633			-4.544
51305.000			-13.633			-4.544
51403.000			-13.631			-4.544
51504.000			-13.629			-4.543
51605.000			-13.630			-4.543
51704.000			-13.629			-4.543
51805.000			-13.629			-4.543
51904.000			-13.629			-4.543
52004.000			-13.628			-4.543
52104.000			-13.628			-4.543
52204.000			-13.628			-4.543
52304.000			-13.627			-4.542
52405.000			-13.628			-4.543
52504.000			-13.627			-4.542
52604.000			-13.626			-4.542
52705.000			-13.625			-4.542
52803.000			-13.625			-4.542
52904.000			-13.625			-4.542
53005.000			-13.625			-4.542
53104.000			-13.624			-4.541
53204.000			-13.623			-4.541
53304.000			-13.622			-4.541
53404.000			-13.622			-4.541
53504.000			-13.622			-4.541
53605.000			-13.621			-4.540
53704.000			-13.620			-4.540
53804.000			-13.621			-4.540
53905.000			-13.620			-4.540
54003.000			-13.621			-4.540
54104.000			-13.621			-4.540
54205.000			-13.619			-4.540
54304.000			-13.618			-4.539
54404.000			-13.619			-4.540
54505.000			-13.618			-4.539
54604.000			-13.618			-4.539
54703.000			-13.617			-4.539
54805.000			-13.617			-4.539
54904.000			-13.617			-4.539
55005.000			-13.616			-4.539
55104.000			-13.616			-4.539
55204.000			-13.616			-4.539
55305.000			-13.616			-4.539
55403.000			-13.615			-4.538
55504.000			-13.615			-4.538
55605.000			-13.615			-4.538
55704.000			-13.614			-4.538
55804.000			-13.613			-4.538
55905.000			-13.612			-4.537
56004.000			-13.612			-4.537
56103.000			-13.612			-4.537
56205.000			-13.611			-4.537
56304.000			-13.611			-4.537
56404.000			-13.611			-4.537
56505.000			-13.610			-4.537
56603.000			-13.610			-4.537
56704.000			-13.610			-4.537
56805.000			-13.609			-4.536
56904.000			-13.608			-4.536
57004.000			-13.609			-4.536
57105.000			-13.608			-4.536
57204.000			-13.607			-4.536
57303.000			-13.607			-4.536
57405.000			-13.607			-4.536
57504.000			-13.607			-4.536
57604.000			-13.606			-4.535
57705.000			-13.604			-4.535
57804.000			-13.604			-4.535
57904.000			-13.604			-4.535
58004.000			-13.604			-4.535
58104.000			-13.604			-4.535
58205.000			-13.603			-4.534
58304.000			-13.603			-4.534
58404.000			-13.603			-4.534
58505.000			-13.602			-4.534
58604.000			-13.602			-4.534
58703.000			-13.602			-4.534
58805.000			-13.601			-4.534
58904.000			-13.601			-4.534
59004.000			-13.599			-4.533
59105.000			-13.599			-4.533
59204.000			-13.599			-4.533
59304.000			-13.598			-4.533
59404.000			-13.598			-4.533
59504.000			-13.597			-4.532
59604.000			-13.598			-4.533
59705.000			-13.597			-4.532
59804.000			-13.597			-4.532
59904.000			-13.597			-4.532
60005.000			-13.596			-4.532
60103.000			-13.596			-4.532
60204.000			-13.596			-4.532
60305.000			-13.594			-4.531
60404.000			-13.594			-4.531
60504.000			-13.594			-4.531
60605.000			-13.593			-4.531
60704.000			-13.593			-4.531
60803.000			-13.593			-4.531
60905.000			-13.592			-4.531
61004.000			-13.592			-4.531
61104.000			-13.591			-4.530
61205.000			-13.591			-4.530
61304.000			-13.591			-4.530
61405.000			-13.590			-4.530
61503.000			-13.591			-4.530
61604.000			-13.590			-4.530
61705.000			-13.590			-4.530
61804.000			-13.590			-4.530
61904.000			-13.590			-4.530
62004.000			-13.589			-4.530
62104.000			-13.588			-4.529
62203.000			-13.588			-4.529
62305.000			-13.588			-4.529
62404.000			-13.589			-4.530
62504.000			-13.588			-4.529
62605.000			-13.587			-4.529
62704.000			-13.587			-4.529
62804.000			-13.585			-4.528
62904.000			-13.584			-4.528
63004.000			-13.585			-4.528
63104.000			-13.585			-4.528
63205.000			-13.585			-4.528
63304.000			-13.584			-4.528
63404.000			-13.582			-4.527
63505.000			-13.582			-4.527
63603.000			-13.582			-4.527
63704.000			-13.582			-4.527
63805.000			-13.580			-4.527
63904.000			-13.580			-4.527
64004.000			-13.579			-4.526
64105.000			-13.578			-4.526
64204.000			-13.578			-4.526
64303.000			-13.578			-4.526
64405.000			-13.577			-4.526
64504.000			-13.576			-4.525
64605.000			-13.577			-4.526
64704.000			-13.576			-4.525
64804.000			-13.577			-4.526
64905.000			-13.575			-4.525
65003.000			-13.574			-4.525
65104.000			-13.575			-4.525
65205.000			-13.575			-4.525
65304.000			-13.574			-4.525
65404.000			-13.574			-4.525
65505.000			-13.574			-4.525
65604.000			-13.574			-4.525
65703.000			-13.574			-4.525
65805.000			-13.572			-4.524
65904.000			-13.573			-4.524
66004.000			-13.573			-4.524
66105.000			-13.573			-4.524
66204.000			-13.572			-4.524
66304.000			-13.572			-4.524
66404.000			-13.571			-4.524
66504.000			-13.572			-4.524
66604.000			-13.572			-4.524
66705.000			-13.570			-4.523
66804.000			-13.570			-4.523
66904.000			-13.570			-4.523
67005.000			-13.571			-4.524
67103.000			-13.570			-4.523
67204.000			-13.568			-4.523
67305.000			-13.567			-4.522
67404.000			-13.567			-4.522
67504.000			-13.567			-4.522
67605.000			-13.567			-4.522
67704.000			-13.566			-4.522
67803.000			-13.567			-4.522
67904.000			-13.568			-4.523
68004.000			-13.567			-4.522
68105.000			-13.567			-4.522
68204.000			-13.566			-4.522
68304.000			-13.566			-4.522
68405.000			-13.566			-4.522
68503.000			-13.566			-4.522
68604.000			-13.565			-4.522
68705.000			-13.564			-4.521
68804.000			-13.565			-4.522
68904.000			-13.565			-4.522
69005.000			-13.565			-4.522
69104.000			-13.565			-4.522
69203.000			-13.563			-4.521
69305.000			-13.562			-4.521
69404.000			-13.561			-4.520
69504.000			-13.562			-4.521
69605.000			-13.562			-4.521
69704.000			-13.562			-4.521
69804.000			-13.561			-4.520
69904.000			-13.560			-4.520
70004.000			-13.560			-4.520
70104.000			-13.560			-4.520
70205.000			-13.560			-4.520
70304.000			-13.558			-4.519
70404.000			-13.559			-4.520
70505.000			-13.558			-4.519
70603.000			-13.558			-4.519
70704.000			-13.557			-4.519
70805.000			-13.556			-4.519
70904.000			-13.555			-4.518
71005.000			-13.555			-4.518
71104.000			-13.556			-4.519
71204.000			-13.554			-4.518
71304.000			-13.553			-4.518
71404.000			-13.554			-4.518
71504.000			-13.554			-4.518
71605.000			-13.553			-4.518
71704.000			-13.552			-4.517
71804.000			-13.553			-4.518
71905.000			-13.553			-4.518
72003.000			-13.553			-4.518
72104.000			-13.553			-4.518
72205.000			-13.551			-4.517
72304.000			-13.551			-4.517
72404.000			-13.551			-4.517
72505.000			-13.551			-4.517
72604.000			-13.550			-4.517
72703.000			-13.549			-4.516
72805.000			-13.550			-4.517
72904.000			-13.548			-4.516
73004.000			-13.549			-4.516
73105.000			-13.549			-4.516
73204.000			-13.549			-4.516
73304.000			-13.549			-4.516
73404.000			-13.549			-4.516
73504.000			-13.548			-4.516
73604.000			-13.547			-4.516
73705.000			-13.546			-4.515
73804.000			-13.546			-4.515
73904.000			-13.546			-4.515
74005.000			-13.546			-4.515
74103.000			-13.545			-4.515
74205.000			-13.546			-4.515
74304.000			-13.546			-4.515
74404.000			-13.545			-4.515
74505.000			-13.545			-4.515
74604.000			-13.544			-4.515
74704.000			-13.543			-4.514
74804.000			-13.544			-4.515
74904.000			-13.544			-4.515
75004.000			-13.543			-4.514
75105.000			-13.542			-4.514
75204.000			-13.543			-4.514
75304.000			-13.543			-4.514
75405.000			-13.543			-4.514
75503.000			-13.543			-4.514
75604.000			-13.543			-4.514
75705.000			-13.542			-4.514
75804.000			-13.540			-4.513
75904.000			-13.540			-4.513
76005.000			-13.540			-4.513
76104.000			-13.540			-4.513
76203.000			-13.540			-4.513
76305.000			-13.539			-4.513
76404.000			-13.539			-4.513
76504.000			-13.538			-4.513
76605.000			-13.539			-4.513
76704.000			-13.538			-4.513
76804.000			-13.537			-4.512
76904.000			-13.537			-4.512
77004.000			-13.537			-4.512
77104.000			-13.537			-4.512
77205.000			-13.538			-4.513
77304.000			-13.536			-4.512
77405.000			-13.535			-4.512
77504.000			-13.535			-4.512
77603.000			-13.535			-4.512
77705.000			-13.534			-4.511
77804.000			-13.535			-4.512
77904.000			-13.535			-4.512
78005.000			-13.533			-4.511
78104.000			-13.533			-4.511
78204.000			-13.533			-4.511
78304.000			-13.532			-4.511
78404.000			-13.532			-4.511
78504.000			-13.532			-4.511
78605.000			-13.532			-4.511
78704.000			-13.531			-4.510
78804.000			-13.531			-4.510
78905.000			-13.530			-4.510
79003.000			-13.529			-4.510
79104.000			-13.530			-4.510
79205.000			-13.530			-4.510
79304.000			-13.529			-4.510
79404.000			-13.530			-4.510
79505.000			-13.529			-4.510
79604.000			-13.529			-4.510
79704.000			-13.529			-4.510
79805.000			-13.529			-4.510
79903.000			-13.528			-4.509
80004.000			-13.528			-4.509
80105.000			-13.528			-4.509
80204.000			-13.528			-4.509
80304.000			-13.528			-4.509
80405.000			-13.528			-4.509
80504.000			-13.526			-4.509
80603.000			-13.527			-4.509
80704.000			-13.527			-4.509
80804.000			-13.526			-4.509
80905.000			-13.525			-4.508
81004.000			-13.526			-4.509
81104.000			-13.526			-4.509
81205.000			-13.525			-4.508
81303.000			-13.526			-4.509
81404.000			-13.526			-4.509
81505.000			-13.525			-4.508
81604.000			-13.526			-4.509
81704.000			-13.525			-4.508
81805.000			-13.524			-4.508
81904.000			-13.524			-4.508
82003.000			-13.524			-4.508
82105.000			-13.524			-4.508
82204.000			-13.524			-4.508
82304.000			-13.525			-4.508
82405.000			-13.523			-4.508
82503.000			-13.523			-4.508
82604.000			-13.523			-4.508
82705.000			-13.522			-4.507
82804.000			-13.522			-4.507
82904.000			-13.523			-4.508
83005.000			-13.522			-4.507
83104.000			-13.523			-4.508
83203.000			-13.521			-4.507
83305.000			-13.522			-4.507
83404.000			-13.522			-4.507
83504.000			-13.521			-4.507
83605.000			-13.521			-4.507
83704.000			-13.521			-4.507
83805.000			-13.521			-4.507
83903.000			-13.520			-4.507
84004.000			-13.520			-4.507
84105.000			-13.519			-4.506
84204.000			-13.518			-4.506
84304.000			-13.517			-4.506
84405.000			-13.518			-4.506
84504.000			-13.518			-4.506
84603.000			-13.518			-4.506
84705.000			-13.517			-4.506
84804.000			-13.517			-4.506
84904.000			-13.517			-4.506
85005.000			-13.517			-4.506
85104.000			-13.516			-4.505
85204.000			-13.515			-4.505
85304.000			-13.516			-4.505
85404.000			-13.515			-4.505
85504.000			-13.515			-4.505
85605.000			-13.514			-4.505
85704.000			-13.515			-4.505
85804.000			-13.515			-4.505
85905.000			-13.515			-4.505
86003.000			-13.513			-4.504
86104.000			-13.514			-4.505
86205.000			-13.513			-4.504
86304.000			-13.513			-4.504
86404.000			-13.513			-4.504
86505.000			-13.513			-4.504
86604.000			-13.513			-4.504
86703.000			-13.512			-4.504
86805.000			-13.511			-4.504
86904.000			-13.511			-4.504
87005.000			-13.512			-4.504
87104.000			-13.511			-4.504
87204.000			-13.511			-4.504
87305.000			-13.511			-4.504
87403.000			-13.511			-4.504
87504.000			-13.509			-4.503
87605.000			-13.509			-4.503
87704.000			-13.509			-4.503
87804.000			-13.509			-4.503
87905.000			-13.509			-4.503
88004.000			-13.509			-4.503
88103.000			-13.508			-4.503
88205.000			-13.509			-4.503
88304.000			-13.508			-4.503
88404.000			-13.508			-4.503
88505.000			-13.506			-4.502
88604.000			-13.507			-4.502
88704.000			-13.507			-4.502
88804.000			-13.506			-4.502
88904.000			-13.506			-4.502
89003.000			-13.507			-4.502
89105.000			-13.507			-4.502
89204.000			-13.506			-4.502
89304.000			-13.506			-4.502
89405.000			-13.506			-4.502
89504.000			-13.505			-4.502
89604.000			-13.504			-4.501
89704.000			-13.505			-4.502
89804.000			-13.505			-4.502
89904.000			-13.505			-4.502
90005.000			-13.504			-4.501
90104.000			-13.504			-4.501
90203.000			-13.503			-4.501
90304.000			-13.503			-4.501
90403.000			-13.503			-4.501
90505.000			-13.502			-4.501
90604.000			-13.502			-4.501
90704.000			-13.501			-4.500
90805.000			-13.501			-4.500
90903.000			-13.501			-4.500
91004.000			-13.500			-4.500
91105.000			-13.501			-4.500
91204.000			-13.500			-4.500
91304.000			-13.500			-4.500
91405.000			-13.498			-4.499
91504.000			-13.497			-4.499
91603.000			-13.498			-4.499
91705.000			-13.498			-4.499
91804.000			-13.497			-4.499
91904.000			-13.497			-4.499
92005.000			-13.495			-4.498
92104.000			-13.495			-4.498
92204.000			-13.496			-4.499
92304.000			-13.495			-4.498
92404.000			-13.495			-4.498
92504.000			-13.495			-4.498
92605.000			-13.493			-4.498
92704.000			-13.495			-4.498
92804.000			-13.494			-4.498
92905.000			-13.494			-4.498
93003.000			-13.493			-4.498
93104.000			-13.493			-4.498
93205.000			-13.492			-4.497
93304.000			-13.492			-4.497
93405.000			-13.490			-4.497
93504.000			-13.491			-4.497
93604.000			-13.491			-4.497
93704.000			-13.491			-4.497
93804.000			-13.490			-4.497
93903.000			-13.489			-4.496
94005.000			-13.489			-4.496
94104.000			-13.488			-4.496
94204.000			-13.489			-4.496
94305.000			-13.490			-4.497
94404.000			-13.489			-4.496
94504.000			-13.488			-4.496
94604.000			-13.486			-4.495
94704.000			-13.487			-4.496
94804.000			-13.486			-4.495
94905.000			-13.486			-4.495
95004.000			-13.487			-4.496
95104.000			-13.487			-4.496
95205.000			-13.487			-4.496
95303.000			-13.486			-4.495
95404.000			-13.486			-4.495
95505.000			-13.486			-4.495
95604.000			-13.485			-4.495
95704.000			-13.485			-4.495
95805.000			-13.485			-4.495
95904.000			-13.485			-4.495
96003.000			-13.485			-4.495
96105.000			-13.485			-4.495
96204.000			-13.484			-4.495
96304.000			-13.484			-4.495
96405.000			-13.484			-4.495
96504.000			-13.484			-4.495
96605.000			-13.485			-4.495
96703.000			-13.484			-4.495
96804.000			-13.485			-4.495
96904.000			-13.484			-4.495
97004.000			-13.483			-4.494
97104.000			-13.483			-4.494
97205.000			-13.482			-4.494
97304.000			-13.482			-4.494
97404.000			-13.482			-4.494
97505.000			-13.484			-4.495
97603.000			-13.484			-4.495
97704.000			-13.483			-4.494
97805.000			-13.483			-4.494
97904.000			-13.482			-4.494
98004.000			-13.482			-4.494
98105.000			-13.481			-4.494
98204.000			-13.482			-4.494
98303.000			-13.481			-4.494
98405.000			-13.481			-4.494
98504.000			-13.480			-4.493
98604.000			-13.479			-4.493
98705.000			-13.480			-4.493
98804.000			-13.481			-4.494
98904.000			-13.481			-4.494
99004.000			-13.481			-4.494
99104.000			-13.481			-4.494
99204.000			-13.480			-4.493
99305.000			-13.480			-4.493
99404.000			-13.480			-4.493
99504.000			-13.479			-4.493
99605.000			-13.479			-4.493
99703.000			-13.479			-4.493
99805.000			-13.479			-4.493
99904.000			-13.478			-4.493
100004.000			-13.479			-4.493
100105.000			-13.479			-4.493
100204.000			-13.479			-4.493
100304.000			-13.478			-4.493
100405.000			-13.478			-4.493
100504.000			-13.478			-4.493
100603.000			-13.478			-4.493
100705.000			-13.478			-4.493
100804.000			-13.477			-4.492
100904.000			-13.477			-4.492
101005.000			-13.477			-4.492
101104.000			-13.478			-4.493
101204.000			-13.477			-4.492
101304.000			-13.477			-4.492
101404.000			-13.476			-4.492
101504.000			-13.476			-4.492
101605.000			-13.476			-4.492
101704.000			-13.476			-4.492
101804.000			-13.475			-4.492
101905.000			-13.474			-4.491
102003.000			-13.474			-4.491
102104.000			-13.475			-4.492
102205.000			-13.475			-4.492
102304.000			-13.474			-4.491
102404.000			-13.474			-4.491
102505.000			-13.473			-4.491
102604.000			-13.474			-4.491
102703.000			-13.474			-4.491
102805.000			-13.472			-4.491
102904.000			-13.473			-4.491
103005.000			-13.472			-4.491
103104.000			-13.472			-4.491
103204.000			-13.472			-4.491
103305.000			-13.471			-4.490
103403.000			-13.471			-4.490
103504.000			-13.472			-4.491
103605.000			-13.471			-4.490
103704.000			-13.472			-4.491
103804.000			-13.471			-4.490
103905.000			-13.470			-4.490
104004.000			-13.470			-4.490
104103.000			-13.470			-4.490
104205.000			-13.469			-4.490
104304.000			-13.470			-4.490
104404.000			-13.469			-4.490
104505.000			-13.468			-4.489
104604.000			-13.469			-4.490
104704.000			-13.469			-4.490
104804.000			-13.468			-4.489
104904.000			-13.469			-4.490
105003.000			-13.468			-4.489
105105.000			-13.467			-4.489
105204.000			-13.467			-4.489
105304.000			-13.467			-4.489
105405.000			-13.467			-4.489
105504.000			-13.467			-4.489
105604.000			-13.467			-4.489
105704.000			-13.467			-4.489
105804.000			-13.466			-4.489
105904.000			-13.466			-4.489
106005.000			-13.466			-4.489
106104.000			-13.466			-4.489
106205.000			-13.466			-4.489
106304.000			-13.467			-4.489
106403.000			-13.466			-4.489
106505.000			-13.465			-4.488
106604.000			-13.464			-4.488
106704.000			-13.464			-4.488
106805.000			-13.464			-4.488
106904.000			-13.465			-4.488
107004.000			-13.465			-4.488
107104.000			-13.465			-4.488
107204.000			-13.465			-4.488
107304.000			-13.464			-4.488
107405.000			-13.464			-4.488
107504.000			-13.464			-4.488
107604.000			-13.464			-4.488
107705.000			-13.463			-4.488
107804.000			-13.463			-4.488
107904.000			-13.462			-4.487
108004.000			-13.462			-4.487
108104.000			-13.462			-4.487
108204.000			-13.462			-4.487
108305.000			-13.461			-4.487
108404.000			-13.461			-4.487
108504.000			-13.462			-4.487
108605.000			-13.462			-4.487
108703.000			-13.461			-4.487
108804.000			-13.461			-4.487
108905.000			-13.460			-4.487
109004.000			-13.460			-4.487
109104.000			-13.460			-4.487
109205.000			-13.460			-4.487
109304.000			-13.459			-4.486
109403.000			-13.459			-4.486
109504.000			-13.460			-4.487
109604.000			-13.459			-4.486
109705.000			-13.458			-4.486
109804.000			-13.459			-4.486
109904.000			-13.460			-4.487
110005.000			-13.460			-4.487
110103.000			-13.458			-4.486
110204.000			-13.457			-4.486
110305.000			-13.457			-4.486
110404.000			-13.458			-4.486
110504.000			-13.456			-4.485
110605.000			-13.456			-4.485
110704.000			-13.456			-4.485
110804.000			-13.456			-4.485
110905.000			-13.456			-4.485
111003.000			-13.455			-4.485
111104.000			-13.455			-4.485
111205.000			-13.456			-4.485
111304.000			-13.455			-4.485
111404.000			-13.455			-4.485
111505.000			-13.455			-4.485
111604.000			-13.455			-4.485
111703.000			-13.455			-4.485
111805.000			-13.455			-4.485
111904.000			-13.454			-4.485
112004.000			-13.455			-4.485
112105.000			-13.454			-4.485
112204.000			-13.453			-4.484
112304.000			-13.453			-4.484
112404.000			-13.453			-4.484
112504.000			-13.453			-4.484
112605.000			-13.453			-4.484
112704.000			-13.452			-4.484
112804.000			-13.452			-4.484
112905.000			-13.452			-4.484
113004.000			-13.452			-4.484
113103.000			-13.452			-4.484
113205.000			-13.452			-4.484
113304.000			-13.451			-4.484
113404.000			-13.451			-4.484
113505.000			-13.451			-4.484
113604.000			-13.451			-4.484
113704.000			-13.451			-4.484
113804.000			-13.450			-4.483
113904.000			-13.449			-4.483
114004.000			-13.450			-4.483
114105.000			-13.450			-4.483
114204.000			-13.450			-4.483
114304.000			-13.450			-4.483
114405.000			-13.449			-4.483
114503.000			-13.448			-4.483
114604.000			-13.448			-4.483
114705.000			-13.448			-4.483
114804.000			-13.448			-4.483
114904.000			-13.448			-4.483
115005.000			-13.448			-4.483
115104.000			-13.447			-4.482
115203.000			-13.447			-4.482
115305.000			-13.447			-4.482
115404.000			-13.446			-4.482
115504.000			-13.445			-4.482
115605.000			-13.445			-4.482
115704.000			-13.447			-4.482
115805.000			-13.447			-4.482
115903.000			-13.446			-4.482
116004.000			-13.446			-4.482
116105.000			-13.445			-4.482
116204.000			-13.446			-4.482
116304.000			-13.445			-4.482
116405.000			-13.445			-4.482
116504.000			-13.445			-4.482
116603.000			-13.444			-4.481
116705.000			-13.444			-4.481
116804.000			-13.444			-4.481
116904.000			-13.443			-4.481
117005.000			-13.443			-4.481
117104.000			-13.443			-4.481
117204.000			-13.444			-4.481
117304.000			-13.444			-4.481
117404.000			-13.443			-4.481
117503.000			-13.443			-4.481
117605.000			-13.442			-4.481
117704.000			-13.442			-4.481
117804.000			-13.442			-4.481
117905.000			-13.441			-4.480
118004.000			-13.442			-4.481
118104.000			-13.442			-4.481
118204.000			-13.441			-4.480
118304.000			-13.441			-4.480
118404.000			-13.441			-4.480
118505.000			-13.441			-4.480
118604.000			-13.441			-4.480
118704.000			-13.441			-4.480
118805.000			-13.440			-4.480
118903.000			-13.440			-4.480
119005.000			-13.440			-4.480
119104.000			-13.439			-4.480
119204.000			-13.439			-4.480
119305.000			-13.439			-4.480
119404.000			-13.439			-4.480
119504.000			-13.439			-4.480
119604.000			-13.439			-4.480
119704.000			-13.438			-4.479
119803.000			-13.438			-4.479
119905.000			-13.438			-4.479
120004.000			-13.438			-4.479
120104.000			-13.438			-4.479
120205.000			-13.438			-4.479
120304.000			-13.437			-4.479
120404.000			-13.437			-4.479
120504.000			-13.436			-4.479
120604.000			-13.437			-4.479
120704.000			-13.436			-4.479
120805.000			-13.436			-4.479
120904.000			-13.436			-4.479
121004.000			-13.436			-4.479
121105.000			-13.435			-4.478
121203.000			-13.435			-4.478
121304.000			-13.435			-4.478
121405.000			-13.435			-4.478
121504.000			-13.435			-4.478
121604.000			-13.435			-4.478
121705.000			-13.434			-4.478
121804.000			-13.434			-4.478
121903.000			-13.434			-4.478
122005.000			-13.433			-4.478
122104.000			-13.432			-4.477
122205.000			-13.433			-4.478
122304.000			-13.433			-4.478
122404.000			-13.433			-4.478
122505.000			-13.433			-4.478
122603.000			-13.431			-4.477
122704.000			-13.432			-4.477
122805.000			-13.431			-4.477
122904.000			-13.432			-4.477
123004.000			-13.431			-4.477
123105.000			-13.432			-4.477
123204.000			-13.432			-4.477
123303.000			-13.432			-4.477
123405.000			-13.431			-4.477
123504.000			-13.431			-4.477
123604.000			-13.430			-4.477
123705.000			-13.430			-4.477
123804.000			-13.430			-4.477
123904.000			-13.429			-4.476
124004.000			-13.429			-4.476
124104.000			-13.429			-4.476
124204.000			-13.429			-4.476
124305.000			-13.429			-4.476
124404.000			-13.429			-4.476
124504.000			-13.429			-4.476
124605.000			-13.428			-4.476
124703.000			-13.429			-4.476
124804.000			-13.429			-4.476
124905.000			-13.429			-4.476
125004.000			-13.429			-4.476
125104.000			-13.429			-4.476
125205.000			-13.429			-4.476
125304.000			-13.428			-4.476
125403.000			-13.428			-4.476
125504.000			-13.427			-4.476
125604.000			-13.427			-4.476
125705.000			-13.426			-4.475
125804.000			-13.428			-4.476
125904.000			-13.427			-4.476
126005.000			-13.426			-4.475
126103.000			-13.426			-4.475
126204.000			-13.425			-4.475
126305.000			-13.426			-4.475
126404.000			-13.426			-4.475
126504.000			-13.425			-4.475
126605.000			-13.424			-4.475
126704.000			-13.424			-4.475
126804.000			-13.424			-4.475
126905.000			-13.425			-4.475
127003.000			-13.424			-4.475
127104.000			-13.424			-4.475
127205.000			-13.424			-4.475
127304.000			-13.424			-4.475
127404.000			-13.424			-4.475
127505.000			-13.424			-4.475
127604.000			-13.423			-4.474
127703.000			-13.423			-4.474
127805.000			-13.423			-4.474
127904.000			-13.423			-4.474
128004.000			-13.423			-4.474
128105.000			-13.423			-4.474
128204.000			-13.421			-4.474
128304.000			-13.422			-4.474
128404.000			-13.421			-4.474
128504.000			-13.421			-4.474
128605.000			-13.421			-4.474
128704.000			-13.421			-4.474
128804.000			-13.421			-4.474
128905.000			-13.421			-4.474
129004.000			-13.420			-4.473
129103.000			-13.421			-4.474
129205.000			-13.420			-4.473
129304.000			-13.421			-4.474
129404.000			-13.420			-4.473
129505.000			-13.420			-4.473
129604.000			-13.420			-4.473
129704.000			-13.419			-4.473
129804.000			-13.419			-4.473
129904.000			-13.419			-4.473
130004.000			-13.419			-4.473
130105.000			-13.418			-4.473
130204.000			-13.418			-4.473
130304.000			-13.419			-4.473
130405.000			-13.418			-4.473
130503.000			-13.419			-4.473
130604.000			-13.418			-4.473
130705.000			-13.417			-4.472
130804.000			-13.416			-4.472
130904.000			-13.417			-4.472
131005.000			-13.418			-4.473
131104.000			-13.416			-4.472
131203.000			-13.416			-4.472
131305.000			-13.417			-4.472
131403.000			-13.417			-4.472
131504.000			-13.417			-4.472
131605.000			-13.417			-4.472
131704.000			-13.416			-4.472
131805.000			-13.415			-4.472
131904.000			-13.415			-4.472
132004.000			-13.416			-4.472
132104.000			-13.414			-4.471
132204.000			-13.415			-4.472
132304.000			-13.416			-4.472
132405.000			-13.416			-4.472
132504.000			-13.415			-4.472
132604.000			-13.415			-4.472
132705.000			-13.415			-4.472
132804.000			-13.414			-4.471
132904.000			-13.414			-4.471
133004.000			-13.414			-4.471
133104.000			-13.414			-4.471
133204.000			-13.413			-4.471
133305.000			-13.413			-4.471
133404.000			-13.414			-4.471
133504.000			-13.414			-4.471
133605.000			-13.413			-4.471
133703.000			-13.412			-4.471
133804.000			-13.412			-4.471
133905.000			-13.412			-4.471
134004.000			-13.412			-4.471
134104.000			-13.411			-4.470
134205.000			-13.411			-4.470
134304.000			-13.411			-4.470
134404.000			-13.411			-4.470
134505.000			-13.411			-4.470
134603.000			-13.411			-4.470
134704.000			-13.411			-4.470
134805.000			-13.411			-4.470
134904.000			-13.412			-4.471
135005.000			-13.411			-4.470
135104.000			-13.410			-4.470
135204.000			-13.411			-4.470
135304.000			-13.411			-4.470
135404.000			-13.411			-4.470
135503.000			-13.409			-4.470
135605.000			-13.409			-4.470
135704.000			-13.409			-4.470
135804.000			-13.410			-4.470
135905.000			-13.409			-4.470
136004.000			-13.408			-4.469
136104.000			-13.407			-4.469
136204.000			-13.407			-4.469
136304.000			-13.408			-4.469
136404.000			-13.408			-4.469
136505.000			-13.407			-4.469
136604.000			-13.406			-4.469
136704.000			-13.406			-4.469
136805.000			-13.406			-4.469
136904.000			-13.406			-4.469
137004.000			-13.407			-4.469
137104.000			-13.406			-4.469
137204.000			-13.406			-4.469
137304.000			-13.406			-4.469
137405.000			-13.406			-4.469
137504.000			-13.405			-4.468
137604.000			-13.406			-4.469
137705.000			-13.406			-4.469
137804.000			-13.405			-4.468
137904.000			-13.405			-4.468
138004.000			-13.405			-4.468
138104.000			-13.404			-4.468
138205.000			-13.405			-4.468
138304.000			-13.405			-4.468
138404.000			-13.404			-4.468
138505.000			-13.404			-4.468
138604.000			-13.405			-4.468
138703.000			-13.403			-4.468
138805.000			-13.404			-4.468
138903.000			-13.404			-4.468
139004.000			-13.404			-4.468
139105.000			-13.403			-4.468
139204.000			-13.403			-4.468
139304.000			-13.402			-4.467
139405.000			-13.403			-4.468
139504.000			-13.402			-4.467
139603.000			-13.402			-4.467
139705.000			-13.403			-4.468
139804.000			-13.402			-4.467
139904.000			-13.402			-4.467
140005.000			-13.402			-4.467
140104.000			-13.402			-4.467
140204.000			-13.401			-4.467
140304.000			-13.400			-4.467
140404.000			-13.401			-4.467
140503.000			-13.401			-4.467
140605.000			-13.401			-4.467
140704.000			-13.401			-4.467
140804.000			-13.400			-4.467
140905.000			-13.399			-4.466
141004.000			-13.399			-4.466
141104.000			-13.399			-4.466
141204.000			-13.399			-4.466
141304.000			-13.400			-4.467
141405.000			-13.399			-4.466
141504.000			-13.399			-4.466
141604.000			-13.398			-4.466
141705.000			-13.399			-4.466
141804.000			-13.399			-4.466
141904.000			-13.398			-4.466
142005.000			-13.399			-4.466
142103.000			-13.399			-4.466
142204.000			-13.399			-4.466
142305.000			-13.398			-4.466
142404.000			-13.397			-4.466
142504.000			-13.396			-4.465
142605.000			-13.396			-4.465
142704.000			-13.396			-4.465
142804.000			-13.397			-4.466
142905.000			-13.398			-4.466
143003.000			-13.398			-4.466
143104.000			-13.396			-4.465
143205.000			-13.395			-4.465
143304.000			-13.396			-4.465
143404.000			-13.397			-4.466
143505.000			-13.396			-4.465
143604.000			-13.395			-4.465
143704.000			-13.395			-4.465
143805.000			-13.396			-4.465
143903.000			-13.395			-4.465
144004.000			-13.394			-4.465
144104.000			-13.394			-4.465
144204.000			-13.395			-4.465
144304.000			-13.395			-4.465
144405.000			-13.394			-4.465
144504.000			-13.393			-4.464
144605.000			-13.394			-4.465
144704.000			-13.394			-4.465
144803.000			-13.393			-4.464
144905.000			-13.393			-4.464
145004.000			-13.392			-4.464
145104.000			-13.392			-4.464
145205.000			-13.393			-4.464
145304.000			-13.392			-4.464
145404.000			-13.391			-4.464
145505.000			-13.391			-4.464
145604.000			-13.392			-4.464
145703.000			-13.391			-4.464
145805.000			-13.392			-4.464
145904.000			-13.392			-4.464
146004.000			-13.392			-4.464
146105.000			-13.391			-4.464
146204.000			-13.390			-4.463
146304.000			-13.391			-4.464
146405.000			-13.391			-4.464
146504.000			-13.391			-4.464
146603.000			-13.390			-4.463
146705.000			-13.390			-4.463
146804.000			-13.390			-4.463
146904.000			-13.391			-4.464
147005.000			-13.390			-4.463
147104.000			-13.390			-4.463
147204.000			-13.390			-4.463
147305.000			-13.390			-4.463
147404.000			-13.388			-4.463
147503.000			-13.388			-4.463
147605.000			-13.388			-4.463
147704.000			-13.389			-4.463
147805.000			-13.389			-4.463
147904.000			-13.389			-4.463
148004.000			-13.388			-4.463
148105.000			-13.389			-4.463
148204.000			-13.389			-4.463
148304.000			-13.388			-4.463
148404.000			-13.388			-4.463
148504.000			-13.387			-4.462
148604.000			-13.387			-4.462
148705.000			-13.388			-4.463
148804.000			-13.388			-4.463
148904.000			-13.387			-4.462
149005.000			-13.387			-4.462
149104.000			-13.387			-4.462
149204.000			-13.387			-4.462
149304.000			-13.387			-4.462
149404.000			-13.385			-4.462
149503.000			-13.386			-4.462
149605.000			-13.387			-4.462
149704.000			-13.386			-4.462
149804.000			-13.386			-4.462
149905.000			-13.386			-4.462
150004.000			-13.385			-4.462
150104.000			-13.385			-4.462
150205.000			-13.385			-4.462
150304.000			-13.384			-4.461
150403.000			-13.384			-4.461
150505.000			-13.385			-4.462
150604.000			-13.384			-4.461
150704.000			-13.383			-4.461
150805.000			-13.384			-4.461
150904.000			-13.384			-4.461
151005.000			-13.383			-4.461
151104.000			-13.382			-4.461
151204.000			-13.383			-4.461
151304.000			-13.383			-4.461
151404.000			-13.383			-4.461
151504.000			-13.382			-4.461
151605.000			-13.381			-4.460
151704.000			-13.383			-4.461
151804.000			-13.383			-4.461
151905.000			-13.382			-4.461
152003.000			-13.383			-4.461
152104.000			-13.382			-4.461
152204.000			-13.381			-4.460
152304.000			-13.381			-4.460
152404.000			-13.380			-4.460
152505.000			-13.381			-4.460
152604.000			-13.380			-4.460
152704.000			-13.380			-4.460
152805.000			-13.380			-4.460
152903.000			-13.379			-4.460
153004.000			-13.379			-4.460
153104.000			-13.378			-4.459
153204.000			-13.377			-4.459
153304.000			-13.378			-4.459
153405.000			-13.378			-4.459
153504.000			-13.377			-4.459
153604.000			-13.378			-4.459
153705.000			-13.378			-4.459
153803.000			-13.377			-4.459
153904.000			-13.376			-4.459
154005.000			-13.376			-4.459
154104.000			-13.376			-4.459
154205.000			-13.376			-4.459
154304.000			-13.375			-4.458
154404.000			-13.375			-4.458
154505.000			-13.375			-4.458
154604.000			-13.375			-4.458
154703.000			-13.375			-4.458
154805.000			-13.373			-4.458
154904.000			-13.374			-4.458
155004.000			-13.375			-4.458
155105.000			-13.376			-4.459
155204.000			-13.375			-4.458
155304.000			-13.374			-4.458
155405.000			-13.374			-4.458
155504.000			-13.375			-4.458
155603.000			-13.375			-4.458
155705.000			-13.376			-4.459
155804.000			-13.376			-4.459
155904.000			-13.375			-4.458
156005.000			-13.375			-4.458
156104.000			-13.374			-4.458
156204.000			-13.373			-4.458
156305.000			-13.374			-4.458
156404.000			-13.375			-4.458
156503.000			-13.375			-4.458
156605.000			-13.375			-4.458
156704.000			-13.375			-4.458
156804.000			-13.375			-4.458
156905.000			-13.375			-4.458
157004.000			-13.373			-4.458
157104.000			-13.374			-4.458
157205.000			-13.374			-4.458
157304.000			-13.373			-4.458
157403.000			-13.374			-4.458
157504.000			-13.374			-4.458
157604.000			-13.373			-4.458
157705.000			-13.372			-4.457
157804.000			-13.372			-4.457
157904.000			-13.372			-4.457
158005.000			-13.373			-4.458
158104.000			-13.372			-4.457
158204.000			-13.372			-4.457
158304.000			-13.372			-4.457
158404.000			-13.372			-4.457
158504.000			-13.372			-4.457
158605.000			-13.372			-4.457
158704.000			-13.371			-4.457
158804.000			-13.371			-4.457
158905.000			-13.370			-4.457
159004.000			-13.371			-4.457
159104.000			-13.372			-4.457
159204.000			-13.371			-4.457
159304.000			-13.371			-4.457
159404.000			-13.370			-4.457
159505.000			-13.370			-4.457
159604.000			-13.370			-4.457
159704.000			-13.369			-4.456
159805.000			-13.370			-4.457
159904.000			-13.370			-4.457
160004.000			-13.370			-4.457
160104.000			-13.371			-4.457
160204.000			-13.369			-4.456
160304.000			-13.369			-4.456
160405.000			-13.369			-4.456
160504.000			-13.369			-4.456
160605.000			-13.369			-4.456
160704.000			-13.369			-4.456
160804.000			-13.370			-4.457
160905.000			-13.369			-4.456
161003.000			-13.369			-4.456
161104.000			-13.368			-4.456
161205.000			-13.368			-4.456
161304.000			-13.368			-4.456
161404.000			-13.367			-4.456
161505.000			-13.367			-4.456
161604.000			-13.367			-4.456
161704.000			-13.367			-4.456
161805.000			-13.367			-4.456
161903.000			-13.368			-4.456
162004.000			-13.366			-4.455
162105.000			-13.365			-4.455
162204.000			-13.366			-4.455
162304.000			-13.367			-4.456
162405.000			-13.366			-4.455
162504.000			-13.367			-4.456
162603.000			-13.367			-4.456
162705.000			-13.367			-4.456
162803.000			-13.366			-4.455
162904.000			-13.366			-4.455
163005.000			-13.366			-4.455
163104.000			-13.366			-4.455
163204.000			-13.366			-4.455
163305.000			-13.365			-4.455
163404.000			-13.366			-4.455
163503.000			-13.364			-4.455
163605.000			-13.364			-4.455
163703.000			-13.366			-4.455
163805.000			-13.366			-4.455
163904.000			-13.366			-4.455
164004.000			-13.364			-4.455
164105.000			-13.364			-4.455
164204.000			-13.363			-4.454
164304.000			-13.363			-4.454
164404.000			-13.363			-4.454
164504.000			-13.363			-4.454
164603.000			-13.363			-4.454
164705.000			-13.363			-4.454
164804.000			-13.363			-4.454
164904.000			-13.363			-4.454
165005.000			-13.363			-4.454
165104.000			-13.363			-4.454
165204.000			-13.363			-4.454
165304.000			-13.363			-4.454
165404.000			-13.362			-4.454
165503.000			-13.362			-4.454
165605.000			-13.362			-4.454
165704.000			-13.362			-4.454
165804.000			-13.362			-4.454
165905.000			-13.361			-4.454
166004.000			-13.360			-4.453
166104.000			-13.360			-4.453
166204.000			-13.359			-4.453
166304.000			-13.359			-4.453
166403.000			-13.358			-4.453
166505.000			-13.358			-4.453
166604.000			-13.359			-4.453
166704.000			-13.359			-4.453
166805.000			-13.359			-4.453
166904.000			-13.359			-4.453
167005.000			-13.358			-4.453
167104.000			-13.359			-4.453
167204.000			-13.359			-4.453
167304.000			-13.359			-4.453
167404.000			-13.359			-4.453
167504.000			-13.359			-4.453
167605.000			-13.359			-4.453
167704.000			-13.359			-4.453
167804.000			-13.358			-4.453
167905.000			-13.359			-4.453
168004.000			-13.358			-4.453
168104.000			-13.358			-4.453
168204.000			-13.358			-4.453
168304.000			-13.358			-4.453
168404.000			-13.357			-4.452
168505.000			-13.357			-4.452
168604.000			-13.357			-4.452
168704.000			-13.356			-4.452
168805.000			-13.357			-4.452
168904.000			-13.357			-4.452
169004.000			-13.357			-4.452
169104.000			-13.357			-4.452
169204.000			-13.357			-4.452
169303.000			-13.356			-4.452
169405.000			-13.357			-4.452
169504.000			-13.357			-4.452
169604.000			-13.357			-4.452
169705.000			-13.356			-4.452
169804.000			-13.356			-4.452
169904.000			-13.357			-4.452
170005.000			-13.355			-4.452
170104.000			-13.355			-4.452
170203.000			-13.354			-4.451
170304.000			-13.354			-4.451
170404.000			-13.355			-4.452
170505.000			-13.356			-4.452
170604.000			-13.355			-4.452
170704.000			-13.355			-4.452
170805.000			-13.354			-4.451
170903.000			-13.354			-4.451
171004.000			-13.355			-4.452
171104.000			-13.355			-4.452
171204.000			-13.353			-4.451
171304.000			-13.352			-4.451
171405.000			-13.352			-4.451
171504.000			-13.353			-4.451
171604.000			-13.353			-4.451
171705.000			-13.352			-4.451
171803.000			-13.352			-4.451
171904.000			-13.352			-4.451
172005.000			-13.352			-4.451
172104.000			-13.352			-4.451
172204.000			-13.352			-4.451
172305.000			-13.351			-4.450
172404.000			-13.351			-4.450
172504.000			-13.351			-4.450
172605.000			-13.353			-4.451
172703.000			-13.353			-4.451
172804.000			-13.352			-4.451
172905.000			-13.352			-4.451
173004.000			-13.351			-4.450
173104.000			-13.351			-4.450
173205.000			-13.350			-4.450
173304.000			-13.350			-4.450
173403.000			-13.351			-4.450
173504.000			-13.350			-4.450
173603.000			-13.350			-4.450
173705.000			-13.350			-4.450
173804.000			-13.350			-4.450
173904.000			-13.349			-4.450
174005.000			-13.348			-4.449
174104.000			-13.348			-4.449
174204.000			-13.349			-4.450
174304.000			-13.349			-4.450
174404.000			-13.349			-4.450
174503.000			-13.350			-4.450
174605.000			-13.349			-4.450
174704.000			-13.348			-4.449
174804.000			-13.350			-4.450
174905.000			-13.350			-4.450
175004.000			-13.349			-4.450
175104.000			-13.348			-4.449
175205.000			-13.347			-4.449
175304.000			-13.347			-4.449
175403.000			-13.347			-4.449
175505.000			-13.348			-4.449
175604.000			-13.347			-4.449
175704.000			-13.348			-4.449
175805.000			-13.347			-4.449
175904.000			-13.347			-4.449
176004.000			-13.347			-4.449
176105.000			-13.347			-4.449
176204.000			-13.347			-4.449
176303.000			-13.347			-4.449
176405.000			-13.347			-4.449
176504.000			-13.347			-4.449
176605.000			-13.346			-4.449
176704.000			-13.346			-4.449
176804.000			-13.346			-4.449
176905.000			-13.346			-4.449
177004.000			-13.345			-4.448
177104.000			-13.346			-4.449
177204.000			-13.347			-4.449
177304.000			-13.346			-4.449
177403.000			-13.346			-4.449
177505.000			-13.345			-4.448
177604.000			-13.344			-4.448
177704.000			-13.345			-4.448
177805.000			-13.345			-4.448
177904.000			-13.344			-4.448
178004.000			-13.345			-4.448
178104.000			-13.344			-4.448
178204.000			-13.344			-4.448
178303.000			-13.344			-4.448
178405.000			-13.344			-4.448
178504.000			-13.344			-4.448
178604.000			-13.344			-4.448
178705.000			-13.344			-4.448
178804.000			-13.344			-4.448
178904.000			-13.343			-4.448
179004.000			-13.344			-4.448
179104.000			-13.344			-4.448
179203.000			-13.344			-4.448
179305.000			-13.343			-4.448
179404.000			-13.343			-4.448
179504.000			-13.343			-4.448
179605.000			-13.342			-4.447
179704.000			-13.343			-4.448
179805.000			-13.342			-4.447
179903.000			-13.342			-4.447
180004.000			-13.343			-4.448
180104.000			-13.342			-4.447
180204.000			-13.341			-4.447
180304.000			-13.341			-4.447
180405.000			-13.342			-4.447
180504.000			-13.342			-4.447
180604.000			-13.341			-4.447
180705.000			-13.341			-4.447
180803.000			-13.340			-4.447
180904.000			-13.342			-4.447
181004.000			-13.340			-4.447
181104.000			-13.340			-4.447
181204.000			-13.341			-4.447
181305.000			-13.341			-4.447
181404.000			-13.340			-4.447
181504.000			-13.341			-4.447
181605.000			-13.340			-4.447
181703.000			-13.340			-4.447
181804.000			-13.340			-4.447
181905.000			-13.340			-4.447
182004.000			-13.340			-4.447
182104.000			-13.340			-4.447
182205.000			-13.340			-4.447
182304.000			-13.339			-4.446
182404.000			-13.339			-4.446
182505.000			-13.337			-4.446
182603.000			-13.339			-4.446
182704.000			-13.339			-4.446
182805.000			-13.338			-4.446
182904.000			-13.338			-4.446
183005.000			-13.339			-4.446
183104.000			-13.340			-4.447
183204.000			-13.337			-4.446
183305.000			-13.337			-4.446
183404.000			-13.337			-4.446
183503.000			-13.337			-4.446
183605.000			-13.337			-4.446
183704.000			-13.338			-4.446
183804.000			-13.338			-4.446
183905.000			-13.337			-4.446
184004.000			-13.337			-4.446
184104.000			-13.337			-4.446
184205.000			-13.337			-4.446
184304.000			-13.336			-4.445
184403.000			-13.337			-4.446
184505.000			-13.336			-4.445
184604.000			-13.336			-4.445
184704.000			-13.337			-4.446
184805.000			-13.337			-4.446
184904.000			-13.336			-4.445
185004.000			-13.335			-4.445
185105.000			-13.335			-4.445
185204.000			-13.336			-4.445
185303.000			-13.336			-4.445
185405.000			-13.334			-4.445
185504.000			-13.335			-4.445
185604.000			-13.335			-4.445
185705.000			-13.335			-4.445
185804.000			-13.334			-4.445
185904.000			-13.334			-4.445
186005.000			-13.335			-4.445
186104.000			-13.335			-4.445
186203.000			-13.335			-4.445
186304.000			-13.334			-4.445
186404.000			-13.334			-4.445
186505.000			-13.334			-4.445
186604.000			-13.334			-4.445
186704.000			-13.333			-4.444
186805.000			-13.332			-4.444
186904.000			-13.333			-4.444
187004.000			-13.333			-4.444
187104.000			-13.333			-4.444
187204.000			-13.333			-4.444
187304.000			-13.332			-4.444
187405.000			-13.333			-4.444
187504.000			-13.332			-4.444
187604.000			-13.333			-4.444
187705.000			-13.332			-4.444
187804.000			-13.333			-4.444
187904.000			-13.332			-4.444
188004.000			-13.332			-4.444
188104.000			-13.332			-4.444
188204.000			-13.332			-4.444
188305.000			-13.332			-4.444
188404.000			-13.331			-4.444
188504.000			-13.332			-4.444
188605.000			-13.331			-4.444
188704.000			-13.331			-4.444
188804.000			-13.329			-4.443
188904.000			-13.330			-4.443
189004.000			-13.330			-4.443
189104.000			-13.330			-4.443
189205.000			-13.331			-4.444
189304.000			-13.330			-4.443
189405.000			-13.330			-4.443
189504.000			-13.331			-4.444
189604.000			-13.332			-4.444
189705.000			-13.330			-4.443
189803.000			-13.330			-4.443
189904.000			-13.330			-4.443
190005.000			-13.330			-4.443
190104.000			-13.329			-4.443
190204.000			-13.329			-4.443
190305.000			-13.328			-4.443
190404.000			-13.329			-4.443
190504.000			-13.328			-4.443
190605.000			-13.328			-4.443
190703.000			-13.328			-4.443
190804.000			-13.327			-4.442
190905.000			-13.328			-4.443
191004.000			-13.328			-4.443
191104.000			-13.328			-4.443
191205.000			-13.327			-4.442
191304.000			-13.328			-4.443
191404.000			-13.328			-4.443
191505.000			-13.327			-4.442
191603.000			-13.327			-4.442
191704.000			-13.326			-4.442
191805.000			-13.327			-4.442
191904.000			-13.326			-4.442
192004.000			-13.326			-4.442
192105.000			-13.327			-4.442
192204.000			-13.327			-4.442
192304.000			-13.326			-4.442
192405.000			-13.326			-4.442
192503.000			-13.327			-4.442
192605.000			-13.326			-4.442
192704.000			-13.327			-4.442
192804.000			-13.326			-4.442
192905.000			-13.325			-4.442
193004.000			-13.325			-4.442
193104.000			-13.326			-4.442
193205.000			-13.326			-4.442
193304.000			-13.326			-4.442
193403.000			-13.326			-4.442
193505.000			-13.324			-4.441
193604.000			-13.325			-4.442
193704.000			-13.325			-4.442
193805.000			-13.325			-4.442
193904.000			-13.325			-4.442
194004.000			-13.325			-4.442
194105.000			-13.323			-4.441
194204.000			-13.323			-4.441
194303.000			-13.324			-4.441
194405.000			-13.325			-4.442
194504.000			-13.325			-4.442
194604.000			-13.324			-4.441
194705.000			-13.323			-4.441
194804.000			-13.324			-4.441
194904.000			-13.323			-4.441
195004.000			-13.323			-4.441
195104.000			-13.322			-4.441
195203.000			-13.322			-4.441
195305.000			-13.323			-4.441
195404.000			-13.323			-4.441
195504.000			-13.323			-4.441
195605.000			-13.322			-4.441
195704.000			-13.322			-4.441
195805.000			-13.322			-4.441
195903.000			-13.323			-4.441
196004.000			-13.322			-4.441
196104.000			-13.322			-4.441
196204.000			-13.322			-4.441
196304.000			-13.322			-4.441
196405.000			-13.322			-4.441
196504.000			-13.321			-4.440
196604.000			-13.320			-4.440
196705.000			-13.321			-4.440
196803.000			-13.321			-4.440
196904.000			-13.322			-4.441
197005.000			-13.321			-4.440
197104.000			-13.321			-4.440
197204.000			-13.321			-4.440
197305.000			-13.320			-4.440
197404.000			-13.319			-4.440
197504.000			-13.319			-4.440
197605.000			-13.321			-4.440
197703.000			-13.321			-4.440
197804.000			-13.319			-4.440
197904.000			-13.319			-4.440
198004.000			-13.319			-4.440
198104.000			-13.318			-4.439
198205.000			-13.319			-4.440
198304.000			-13.319			-4.440
198404.000			-13.320			-4.440
198505.000			-13.319			-4.440
198603.000			-13.318			-4.439
198704.000			-13.319			-4.440
198804.000			-13.319			-4.440
198904.000			-13.318			-4.439
199005.000			-13.318			-4.439
199104.000			-13.318			-4.439
199204.000			-13.318			-4.439
199305.000			-13.318			-4.439
199404.000			-13.318			-4.439
199504.000			-13.318			-4.439
199605.000			-13.318			-4.439
199703.000			-13.318			-4.439
199804.000			-13.317			-4.439
199905.000			-13.318			-4.439
200004.000			-13.317			-4.439
200104.000			-13.317			-4.439
200205.000			-13.317			-4.439
200304.000			-13.317			-4.439
200404.000			-13.317			-4.439
200505.000			-13.318			-4.439
200603.000			-13.317			-4.439
200704.000			-13.316			-4.439
200805.000			-13.317			-4.439
200904.000			-13.317			-4.439
201004.000			-13.316			-4.439
201105.000			-13.315			-4.438
201204.000			-13.315			-4.438
201303.000			-13.316			-4.439
201405.000			-13.315			-4.438
201504.000			-13.315			-4.438
201604.000			-13.314			-4.438
201705.000			-13.315			-4.438
201804.000			-13.316			-4.439
201904.000			-13.315			-4.438
202005.000			-13.314			-4.438
202104.000			-13.315			-4.438
202203.000			-13.316			-4.439
202304.000			-13.315			-4.438
202404.000			-13.315			-4.438
202505.000			-13.315			-4.438
202604.000			-13.316			-4.439
202704.000			-13.315			-4.438
202805.000			-13.314			-4.438
202903.000			-13.314			-4.438
203004.000			-13.314			-4.438
203105.000			-13.314			-4.438
203204.000			-13.313			-4.438
203304.000			-13.314			-4.438
203405.000			-13.315			-4.438
203504.000			-13.313			-4.438
203604.000			-13.314			-4.438
203705.000			-13.313			-4.438
203803.000			-13.312			-4.437
203904.000			-13.313			-4.438
204005.000			-13.312			-4.437
204104.000			-13.312			-4.437
204204.000			-13.312			-4.437
204305.000			-13.311			-4.437
204404.000			-13.312			-4.437
204503.000			-13.312			-4.437
204605.000			-13.311			-4.437
204704.000			-13.310			-4.437
204804.000			-13.312			-4.437
204905.000			-13.311			-4.437
205004.000			-13.311			-4.437
205104.000			-13.311			-4.437
205205.000			-13.311			-4.437
205304.000			-13.312			-4.437
205403.000			-13.312			-4.437
205504.000			-13.311			-4.437
205604.000			-13.310			-4.437
205705.000			-13.310			-4.437
205804.000			-13.311			-4.437
205904.000			-13.311			-4.437
206005.000			-13.310			-4.437
206103.000			-13.310			-4.437
206204.000			-13.310			-4.437
206305.000			-13.311			-4.437
206404.000			-13.310			-4.437
206504.000			-13.310			-4.437
206605.000			-13.310			-4.437
206704.000			-13.309			-4.436
206804.000			-13.309			-4.436
206905.000			-13.308			-4.436
207003.000			-13.308			-4.436
207104.000			-13.308			-4.436
207205.000			-13.309			-4.436
207304.000			-13.309			-4.436
207404.000			-13.308			-4.436
207505.000			-13.308			-4.436
207604.000			-13.308			-4.436
207704.000			-13.308			-4.436
207805.000			-13.309			-4.436
207903.000			-13.308			-4.436
208004.000			-13.308			-4.436
208105.000			-13.308			-4.436
208204.000			-13.308			-4.436
208304.000			-13.307			-4.436
208405.000			-13.306			-4.435
208504.000			-13.307			-4.436
208603.000			-13.306			-4.435
208704.000			-13.307			-4.436
208803.000			-13.308			-4.436
208905.000			-13.308			-4.436
209004.000			-13.307			-4.436
209104.000			-13.306			-4.435
209205.000			-13.306			-4.435
209304.000			-13.306			-4.435
209404.000			-13.306			-4.435
209504.000			-13.306			-4.435
209604.000			-13.307			-4.436
209704.000			-13.307			-4.436
209805.000			-13.305			-4.435
209904.000			-13.305			-4.435
210004.000			-13.305			-4.435
210105.000			-13.304			-4.435
210203.000			-13.304			-4.435
210304.000			-13.304			-4.435
210404.000			-13.305			-4.435
210504.000			-13.305			-4.435
210604.000			-13.305			-4.435
210705.000			-13.305			-4.435
210804.000			-13.304			-4.435
210904.000			-13.305			-4.435
211005.000			-13.306			-4.435
211103.000			-13.304			-4.435
211204.000			-13.304			-4.435
211305.000			-13.304			-4.435
211404.000			-13.304			-4.435
211504.000			-13.305			-4.435
211605.000			-13.303			-4.434
211704.000			-13.303			-4.434
211803.000			-13.304			-4.435
211904.000			-13.304			-4.435
212004.000			-13.304			-4.435
212105.000			-13.304			-4.435
212204.000			-13.303			-4.434
212304.000			-13.303			-4.434
212405.000			-13.302			-4.434
212504.000			-13.304			-4.435
212604.000			-13.303			-4.434
212704.000			-13.303			-4.434
212804.000			-13.303			-4.434
212904.000			-13.302			-4.434
213005.000			-13.302			-4.434
213104.000			-13.301			-4.434
213204.000			-13.301			-4.434
213305.000			-13.301			-4.434
213403.000			-13.300			-4.433
213504.000			-13.301			-4.434
213605.000			-13.301			-4.434
213704.000			-13.301			-4.434
213804.000			-13.300			-4.433
213905.000			-13.300			-4.433
214004.000			-13.300			-4.433
214104.000			-13.300			-4.433
214205.000			-13.300			-4.433
214303.000			-13.301			-4.434
214404.000			-13.302			-4.434
214505.000			-13.300			-4.433
214604.000			-13.300			-4.433
214704.000			-13.300			-4.433
214805.000			-13.300			-4.433
214904.000			-13.300			-4.433
215003.000			-13.299			-4.433
215104.000			-13.299			-4.433
215203.000			-13.299			-4.433
215305.000			-13.299			-4.433
215404.000			-13.299			-4.433
215504.000			-13.298			-4.433
215605.000			-13.298			-4.433
215704.000			-13.298			-4.433
215804.000			-13.298			-4.433
215905.000			-13.298			-4.433
216004.000			-13.298			-4.433
216103.000			-13.297			-4.432
216205.000			-13.297			-4.432
216304.000			-13.298			-4.433
216404.000			-13.297			-4.432
216505.000			-13.298			-4.433
216604.000			-13.297			-4.432
216704.000			-13.298			-4.433
216805.000			-13.298			-4.433
216904.000			-13.297			-4.432
217003.000			-13.297			-4.432
217105.000			-13.297			-4.432
217204.000			-13.297			-4.432
217304.000			-13.296			-4.432
217405.000			-13.296			-4.432
217504.000			-13.297			-4.432
217604.000			-13.297			-4.432
217705.000			-13.296			-4.432
217804.000			-13.296			-4.432
217903.000			-13.295			-4.432
218005.000			-13.296			-4.432
218104.000			-13.296			-4.432
218205.000			-13.296			-4.432
218304.000			-13.296			-4.432
218404.000			-13.295			-4.432
218505.000			-13.295			-4.432
218604.000			-13.295			-4.432
218704.000			-13.295			-4.432
218804.000			-13.294			-4.431
218904.000			-13.294			-4.431
219003.000			-13.294			-4.431
219105.000			-13.295			-4.432
219204.000			-13.295			-4.432
219304.000			-13.295			-4.432
219405.000			-13.294			-4.431
219504.000			-13.294			-4.431
219604.000			-13.294			-4.431
219704.000			-13.293			-4.431
219804.000			-13.294			-4.431
219903.000			-13.295			-4.432
220005.000			-13.294			-4.431
220104.000			-13.292			-4.431
220204.000			-13.293			-4.431
220305.000			-13.293			-4.431
220404.000			-13.292			-4.431
220504.000			-13.293			-4.431
220604.000			-13.293			-4.431
220704.000			-13.293			-4.431
220804.000			-13.292			-4.431
220905.000			-13.292			-4.431
221004.000			-13.291			-4.430
221104.000			-13.292			-4.431
221205.000			-13.291			-4.430
221304.000			-13.291			-4.430
221405.000			-13.292			-4.431
221503.000			-13.292			-4.431
221604.000			-13.292			-4.431
221705.000			-13.292			-4.431
221804.000			-13.291			-4.430
221904.000			-13.291			-4.430
222005.000			-13.291			-4.430
222104.000			-13.290			-4.430
222203.000			-13.291			-4.430
222305.000			-13.293			-4.431
222403.000			-13.292			-4.431
222504.000			-13.291			-4.430
222605.000			-13.289			-4.430
222704.000			-13.290			-4.430
222804.000			-13.290			-4.430
222905.000			-13.290			-4.430
223004.000			-13.290			-4.430
223103.000			-13.291			-4.430
223205.000			-13.290			-4.430
223304.000			-13.291			-4.430
223404.000			-13.290			-4.430
223505.000			-13.290			-4.430
223604.000			-13.290			-4.430
223704.000			-13.289			-4.430
223805.000			-13.289			-4.430
223904.000			-13.289			-4.430
224003.000			-13.288			-4.429
224105.000			-13.289			-4.430
224204.000			-13.289			-4.430
224304.000			-13.288			-4.429
224405.000			-13.287			-4.429
224504.000			-13.288			-4.429
224605.000			-13.289			-4.430
224704.000			-13.289			-4.430
224804.000			-13.288			-4.429
224904.000			-13.287			-4.429
225004.000			-13.287			-4.429
225104.000			-13.287			-4.429
225205.000			-13.289			-4.430
225304.000			-13.288			-4.429
225404.000			-13.288			-4.429
225505.000			-13.287			-4.429
225604.000			-13.287			-4.429
225704.000			-13.288			-4.429
225804.000			-13.288			-4.429
225904.000			-13.287			-4.429
226004.000			-13.287			-4.429
226105.000			-13.287			-4.429
226204.000			-13.288			-4.429
226304.000			-13.288			-4.429
226405.000			-13.287			-4.429
226504.000			-13.286			-4.429
226604.000			-13.287			-4.429
226704.000			-13.286			-4.429
226804.000			-13.286			-4.429
226904.000			-13.286			-4.429
227005.000			-13.286			-4.429
227104.000			-13.285			-4.428
227204.000			-13.285			-4.428
227305.000			-13.285			-4.428
227404.000			-13.286			-4.429
227504.000			-13.285			-4.428
227604.000			-13.285			-4.428
227704.000			-13.286			-4.429
227805.000			-13.285			-4.428
227904.000			-13.286			-4.429
228004.000			-13.286			-4.429
228105.000			-13.285			-4.428
228204.000			-13.285			-4.428
228304.000			-13.285			-4.428
228405.000			-13.285			-4.428
228503.000			-13.284			-4.428
228604.000			-13.284			-4.428
228705.000			-13.285			-4.428
228804.000			-13.284			-4.428
228904.000			-13.283			-4.428
229005.000			-13.284			-4.428
229104.000			-13.284			-4.428
229204.000			-13.283			-4.428
229305.000			-13.283			-4.428
229403.000			-13.283			-4.428
229504.000			-13.282			-4.427
229605.000			-13.283			-4.428
229704.000			-13.284			-4.428
229804.000			-13.283			-4.428
229905.000			-13.283			-4.428
230004.000			-13.282			-4.427
230104.000			-13.283			-4.428
230205.000			-13.283			-4.428
230303.000			-13.282			-4.427
230404.000			-13.282			-4.427
230505.000			-13.282			-4.427
230604.000			-13.282			-4.427
230704.000			-13.282			-4.427
230805.000			-13.282			-4.427
230904.000			-13.282			-4.427
231003.000			-13.282			-4.427
231104.000			-13.283			-4.428
231203.000			-13.281			-4.427
231305.000			-13.281			-4.427
231404.000			-13.282			-4.427
231504.000			-13.282			-4.427
231605.000			-13.282			-4.427
231704.000			-13.281			-4.427
231804.000			-13.280			-4.427
231904.000			-13.281			-4.427
232004.000			-13.281			-4.427
232103.000			-13.280			-4.427
232205.000			-13.281			-4.427
232304.000			-13.281			-4.427
232404.000			-13.282			-4.427
232505.000			-13.282			-4.427
232604.000			-13.280			-4.427
232704.000			-13.279			-4.426
232804.000			-13.279			-4.426
232904.000			-13.280			-4.427
233004.000			-13.280			-4.427
233105.000			-13.280			-4.427
233204.000			-13.279			-4.426
233304.000			-13.280			-4.427
233405.000			-13.279			-4.426
233504.000			-13.280			-4.427
233604.000			-13.279			-4.426
233704.000			-13.279			-4.426
233804.000			-13.278			-4.426
233904.000			-13.279			-4.426
234005.000			-13.279			-4.426
234104.000			-13.278			-4.426
234205.000			-13.279			-4.426
234304.000			-13.279			-4.426
234404.000			-13.279			-4.426
234505.000			-13.279			-4.426
234603.000			-13.280			-4.427
234704.000			-13.279			-4.426
234805.000			-13.279			-4.426
234904.000			-13.278			-4.426
235004.000			-13.278			-4.426
235105.000			-13.278			-4.426
235204.000			-13.277			-4.426
235304.000			-13.278			-4.426
235405.000			-13.278			-4.426
235503.000			-13.277			-4.426
235604.000			-13.278			-4.426
235705.000			-13.277			-4.426
235804.000			-13.278			-4.426
235904.000			-13.277			-4.426
236005.000			-13.277			-4.426
236104.000			-13.277			-4.426
236204.000			-13.276			-4.425
236305.000			-13.276			-4.425
236403.000			-13.277			-4.426
236504.000			-13.277			-4.426
236605.000			-13.276			-4.425
236704.000			-13.276			-4.425
236804.000			-13.276			-4.425
236905.000			-13.277			-4.426
237004.000			-13.275			-4.425
237104.000			-13.276			-4.425
237205.000			-13.276			-4.425
237303.000			-13.276			-4.425
237405.000			-13.276			-4.425
237504.000			-13.276			-4.425
237604.000			-13.275			-4.425
237705.000			-13.275			-4.425
237804.000			-13.276			-4.425
237904.000			-13.274			-4.425
238005.000			-13.274			-4.425
238104.000			-13.276			-4.425
238203.000			-13.276			-4.425
238305.000			-13.276			-4.425
238404.000			-13.276			-4.425
238504.000			-13.276			-4.425
238605.000			-13.275			-4.425
238704.000			-13.275			-4.425
238804.000			-13.274			-4.425
238905.000			-13.275			-4.425
239004.000			-13.275			-4.425
239103.000			-13.275			-4.425
239205.000			-13.274			-4.425
239304.000			-13.274			-4.425
239404.000			-13.274			-4.425
239505.000			-13.274			-4.425
239604.000			-13.275			-4.425
239704.000			-13.273			-4.424
239805.000			-13.273			-4.424
239904.000			-13.273			-4.424
240003.000			-13.273			-4.424
240105.000			-13.272			-4.424
240204.000			-13.273			-4.424
240304.000			-13.272			-4.424
240405.000			-13.273			-4.424
240504.000			-13.274			-4.425
240605.000			-13.274			-4.425
240704.000			-13.273			-4.424
240804.000			-13.272			-4.424
240904.000			-13.272			-4.424
241004.000			-13.272			-4.424
241104.000			-13.272			-4.424
241205.000			-13.272			-4.424
241304.000			-13.273			-4.424
241404.000			-13.272			-4.424
241505.000			-13.272			-4.424
241604.000			-13.273			-4.424
241704.000			-13.272			-4.424
241804.000			-13.271			-4.424
241904.000			-13.271			-4.424
242004.000			-13.271			-4.424
242105.000			-13.271			-4.424
242204.000			-13.270			-4.423
242304.000			-13.270			-4.423
242405.000			-13.271			-4.424
242503.000			-13.272			-4.424
242604.000			-13.272			-4.424
242704.000			-13.270			-4.423
242804.000			-13.270			-4.423
242904.000			-13.270			-4.423
243005.000			-13.270			-4.423
243104.000			-13.270			-4.423
243204.000			-13.270			-4.423
243305.000			-13.271			-4.424
243403.000			-13.270			-4.423
243504.000			-13.270			-4.423
243605.000			-13.268			-4.423
243704.000			-13.269			-4.423
243805.000			-13.269			-4.423
243904.000			-13.269			-4.423
244004.000			-13.270			-4.423
244105.000			-13.269			-4.423
244204.000			-13.268			-4.423
244303.000			-13.269			-4.423
244405.000			-13.270			-4.423
244504.000			-13.270			-4.423
244604.000			-13.269			-4.423
244705.000			-13.269			-4.423
244804.000			-13.269			-4.423
244904.000			-13.268			-4.423
245005.000			-13.267			-4.422
245104.000			-13.268			-4.423
245203.000			-13.269			-4.423
245305.000			-13.268			-4.423
245404.000			-13.267			-4.422
245504.000			-13.267			-4.422
245605.000			-13.267			-4.422
245704.000			-13.267			-4.422
245804.000			-13.267			-4.422
245905.000			-13.267			-4.422
246004.000			-13.267			-4.422
246103.000			-13.267			-4.422
246205.000			-13.268			-4.423
246304.000			-13.268			-4.423
246404.000			-13.267			-4.422
246505.000			-13.269			-4.423
246604.000			-13.267			-4.422
246704.000			-13.266			-4.422
246805.000			-13.266			-4.422
246904.000			-13.266			-4.422
247003.000			-13.267			-4.422
247104.000			-13.267			-4.422
247204.000			-13.267			-4.422
247305.000			-13.267			-4.422
247404.000			-13.267			-4.422
247504.000			-13.267			-4.422
247605.000			-13.266			-4.422
247704.000			-13.265			-4.422
247804.000			-13.265			-4.422
247904.000			-13.266			-4.422
248004.000			-13.265			-4.422
248104.000			-13.265			-4.422
248205.000			-13.266			-4.422
248304.000			-13.266			-4.422
248404.000			-13.266			-4.422
248505.000			-13.265			-4.422
248604.000			-13.265			-4.422
248704.000			-13.265			-4.422
248804.000			-13.265			-4.422
248904.000			-13.265			-4.422
249004.000			-13.264			-4.421
249105.000			-13.264			-4.421
249204.000			-13.264			-4.421
249304.000			-13.264			-4.421
249405.000			-13.264			-4.421
249504.000			-13.264			-4.421
249604.000			-13.264			-4.421
249704.000			-13.264			-4.421
249804.000			-13.264			-4.421
249904.000			-13.263			-4.421
250005.000			-13.264			-4.421
250104.000			-13.264			-4.421
250205.000			-13.264			-4.421
250304.000			-13.264			-4.421
250404.000			-13.264			-4.421
250505.000			-13.263			-4.421
250603.000			-13.264			-4.421
250704.000			-13.264			-4.421
250805.000			-13.263			-4.421
250904.000			-13.263			-4.421
251004.000			-13.264			-4.421
251105.000			-13.263			-4.421
251204.000			-13.263			-4.421
251304.000			-13.262			-4.421
251405.000			-13.264			-4.421
251503.000			-13.263			-4.421
251604.000			-13.262			-4.421
251705.000			-13.262			-4.421
251804.000			-13.262			-4.421
251904.000			-13.263			-4.421
252005.000			-13.263			-4.421
252104.000			-13.262			-4.421
252203.000			-13.262			-4.421
252305.000			-13.261			-4.420
252403.000			-13.261			-4.420
252504.000			-13.261			-4.420
252605.000			-13.262			-4.421
252704.000			-13.261			-4.420
252804.000			-13.261			-4.420
252905.000			-13.260			-4.420
253004.000			-13.261			-4.420
253103.000			-13.261			-4.420
253205.000			-13.261			-4.420
253304.000			-13.261			-4.420
253405.000			-13.260			-4.420
253504.000			-13.261			-4.420
253604.000			-13.261			-4.420
253705.000			-13.260			-4.420
253804.000			-13.260			-4.420
253904.000			-13.260			-4.420
254004.000			-13.260			-4.420
254104.000			-13.260			-4.420
254204.000			-13.260			-4.420
254305.000			-13.260			-4.420
254404.000			-13.260			-4.420
254504.000			-13.260			-4.420
254605.000			-13.260			-4.420
254704.000			-13.260			-4.420
254804.000			-13.259			-4.420
254904.000			-13.259			-4.420
255004.000			-13.260			-4.420
255104.000			-13.259			-4.420
255205.000			-13.259			-4.420
255304.000			-13.259			-4.420
255404.000			-13.259			-4.420
255505.000			-13.259			-4.420
255604.000			-13.259			-4.420
255704.000			-13.259			-4.420
255804.000			-13.259			-4.420
255904.000			-13.259			-4.420
256004.000			-13.259			-4.420
256105.000			-13.258			-4.419
256204.000			-13.257			-4.419
256304.000			-13.257			-4.419
256405.000			-13.258			-4.419
256504.000			-13.256			-4.419
256605.000			-13.256			-4.419
256703.000			-13.257			-4.419
256804.000			-13.258			-4.419
256905.000			-13.259			-4.420
257004.000			-13.258			-4.419
257104.000			-13.257			-4.419
257205.000			-13.258			-4.419
257304.000			-13.257			-4.419
257404.000			-13.256			-4.419
257505.000			-13.256			-4.419
257603.000			-13.257			-4.419
257704.000			-13.257			-4.419
257805.000			-13.257			-4.419
257904.000			-13.258			-4.419
258004.000			-13.258			-4.419
258105.000			-13.256			-4.419
258204.000			-13.257			-4.419
258304.000			-13.257			-4.419
258405.000			-13.255			-4.418
258503.000			-13.256			-4.419
258604.000			-13.256			-4.419
258704.000			-13.255			-4.418
258804.000			-13.256			-4.419
258904.000			-13.255			-4.418
259005.000			-13.254			-4.418
259104.000			-13.255			-4.418
259204.000			-13.255			-4.418
259305.000			-13.256			-4.419
259403.000			-13.256			-4.419
259504.000			-13.255			-4.418
259604.000			-13.255			-4.418
259704.000			-13.256			-4.419
259805.000			-13.255			-4.418
259904.000			-13.256			-4.419
260004.000			-13.254			-4.418
260105.000			-13.253			-4.418
260204.000			-13.253			-4.418
260303.000			-13.254			-4.418
260405.000			-13.255			-4.418
260503.000			-13.255			-4.418
260604.000			-13.255			-4.418
260705.000			-13.254			-4.418
260804.000			-13.254			-4.418
260904.000			-13.255			-4.418
261005.000			-13.253			-4.418
261104.000			-13.254			-4.418
261203.000			-13.254			-4.418
261305.000			-13.254			-4.418
261404.000			-13.254			-4.418
261504.000			-13.254			-4.418
261605.000			-13.254			-4.418
261704.000			-13.253			-4.418
261804.000			-13.253			-4.418
261905.000			-13.252			-4.417
262004.000			-13.253			-4.418
262103.000			-13.253			-4.418
262205.000			-13.252			-4.417
262304.000			-13.253			-4.418
262404.000			-13.254			-4.418
262505.000			-13.252			-4.417
262604.000			-13.251			-4.417
262704.000			-13.252			-4.417
262805.000			-13.252			-4.417
262904.000			-13.253			-4.418
263003.000			-13.253			-4.418
263104.000			-13.252			-4.417
263204.000			-13.252			-4.417
263305.000			-13.252			-4.417
263404.000			-13.252			-4.417
263504.000			-13.252			-4.417
263605.000			-13.251			-4.417
263703.000			-13.251			-4.417
263804.000			-13.251			-4.417
263904.000			-13.251			-4.417
264004.000			-13.251			-4.417
264104.000			-13.250			-4.417
264205.000			-13.251			-4.417
264304.000			-13.251			-4.417
264404.000			-13.251			-4.417
264505.000			-13.250			-4.417
264603.000			-13.250			-4.417
264704.000			-13.250			-4.417
264805.000			-13.251			-4.417
264904.000			-13.250			-4.417
265004.000			-13.250			-4.417
265105.000			-13.250			-4.417
265204.000			-13.250			-4.417
265304.000			-13.250			-4.417
265405.000			-13.249			-4.416
265503.000			-13.250			-4.417
265604.000			-13.251			-4.417
265705.000			-13.250			-4.417
265804.000			-13.249			-4.416
265904.000			-13.249			-4.416
266005.000			-13.249			-4.416
266104.000			-13.248			-4.416
266205.000			-13.248			-4.416
266304.000			-13.248			-4.416
266403.000			-13.249			-4.416
266505.000			-13.249			-4.416
266604.000			-13.249			-4.416
266704.000			-13.249			-4.416
266805.000			-13.248			-4.416
266904.000			-13.249			-4.416
267004.000			-13.248			-4.416
267105.000			-13.248			-4.416
267204.000			-13.249			-4.416
267303.000			-13.248			-4.416
267405.000			-13.248			-4.416
267504.000			-13.248			-4.416
267604.000			-13.248			-4.416
267705.000			-13.247			-4.416
267804.000			-13.247			-4.416
267904.000			-13.248			-4.416
268005.000			-13.248			-4.416
268104.000			-13.248			-4.416
268203.000			-13.248			-4.416
268305.000			-13.248			-4.416
268404.000			-13.247			-4.416
268504.000			-13.247			-4.416
268605.000			-13.246			-4.415
268704.000			-13.247			-4.416
268804.000			-13.247			-4.416
268905.000			-13.247			-4.416
269004.000			-13.246			-4.415
269103.000			-13.246			-4.415
269205.000			-13.246			-4.415
269304.000			-13.246			-4.415
269405.000			-13.246			-4.415
269504.000			-13.246			-4.415
269604.000			-13.246			-4.415
269705.000			-13.246			-4.415
269804.000			-13.244			-4.415
269904.000			-13.245			-4.415
270004.000			-13.246			-4.415
270104.000			-13.245			-4.415
270204.000			-13.245			-4.415
270305.000			-13.246			-4.415
270404.000			-13.247			-4.416
270504.000			-13.245			-4.415
270605.000			-13.245			-4.415
270704.000			-13.246			-4.415
270804.000			-13.245			-4.415
270904.000			-13.244			-4.415
271004.000			-13.245			-4.415
271104.000			-13.245			-4.415
271205.000			-13.245			-4.415
271304.000			-13.246			-4.415
271404.000			-13.245			-4.415
271505.000			-13.245			-4.415
271604.000			-13.244			-4.415
271704.000			-13.244			-4.415
271804.000			-13.244			-4.415
271904.000			-13.243			-4.414
272004.000			-13.243			-4.414
272105.000			-13.244			-4.415
272204.000			-13.244			-4.415
272304.000			-13.243			-4.414
272405.000			-13.244			-4.415
272503.000			-13.245			-4.415
272605.000			-13.244			-4.415
272704.000			-13.244			-4.415
272804.000			-13.244			-4.415
272905.000			-13.243			-4.414
273004.000			-13.243			-4.414
273104.000			-13.242			-4.414
273205.000			-13.242			-4.414
273304.000			-13.242			-4.414
273403.000			-13.243			-4.414
273505.000			-13.243			-4.414
273604.000			-13.243			-4.414
273704.000			-13.242			-4.414
273805.000			-13.241			-4.414
273904.000			-13.242			-4.414
274004.000			-13.241			-4.414
274104.000			-13.242			-4.414
274204.000			-13.241			-4.414
274303.000			-13.242			-4.414
274405.000			-13.242			-4.414
274504.000			-13.242			-4.414
274604.000			-13.242			-4.414
274705.000			-13.242			-4.414
274804.000			-13.242			-4.414
274904.000			-13.242			-4.414
275004.000			-13.242			-4.414
275104.000			-13.241			-4.414
275204.000			-13.241			-4.414
275305.000			-13.241			-4.414
275404.000			-13.242			-4.414
275504.000			-13.241			-4.414
275605.000			-13.243			-4.414
275704.000			-13.241			-4.414
275805.000			-13.240			-4.413
275903.000			-13.240			-4.413
276004.000			-13.240			-4.413
276105.000			-13.241			-4.414
276204.000			-13.241			-4.414
276304.000			-13.240			-4.413
276405.000			-13.241			-4.414
276504.000			-13.241			-4.414
276604.000			-13.241			-4.414
276705.000			-13.239			-4.413
276803.000			-13.239			-4.413
276904.000			-13.239			-4.413
277005.000			-13.238			-4.413
277104.000			-13.239			-4.413
277204.000			-13.240			-4.413
277305.000			-13.238			-4.413
277404.000			-13.239			-4.413
277504.000			-13.239			-4.413
277605.000			-13.239			-4.413
277703.000			-13.240			-4.413
277804.000			-13.239			-4.413
277905.000			-13.239			-4.413
278004.000			-13.239			-4.413
278104.000			-13.238			-4.413
278205.000			-13.239			-4.413
278304.000			-13.239			-4.413
278404.000			-13.239			-4.413
278505.000			-13.238			-4.413
278603.000			-13.238			-4.413
278704.000			-13.238			-4.413
278804.000			-13.237			-4.412
278904.000			-13.238			-4.413
279005.000			-13.237			-4.412
279104.000			-13.237			-4.412
279204.000			-13.238			-4.413
279305.000			-13.238			-4.413
279404.000			-13.238			-4.413
279503.000			-13.238			-4.413
279605.000			-13.236			-4.412
279704.000			-13.236			-4.412
279804.000			-13.237			-4.412
279905.000			-13.238			-4.413
280004.000			-13.235			-4.412
280104.000			-13.237			-4.412
280205.000			-13.236			-4.412
280304.000			-13.236			-4.412
280403.000			-13.236			-4.412
280505.000			-13.236			-4.412
280604.000			-13.237			-4.412
280704.000			-13.237			-4.412
280805.000			-13.235			-4.412
280904.000			-13.236			-4.412
281004.000			-13.236			-4.412
281105.000			-13.236			-4.412
281204.000			-13.236			-4.412
281303.000			-13.236			-4.412
281405.000			-13.235			-4.412
281504.000			-13.235			-4.412
281604.000			-13.235			-4.412
281705.000			-13.235			-4.412
281804.000			-13.235			-4.412
281904.000			-13.234			-4.411
282005.000			-13.234			-4.411
282104.000			-13.234			-4.411
282203.000			-13.235			-4.412
282304.000			-13.236			-4.412
282404.000			-13.236			-4.412
282505.000			-13.234			-4.411
282604.000			-13.234			-4.411
282704.000			-13.234			-4.411
282805.000			-13.234			-4.411
282904.000			-13.233			-4.411
283004.000			-13.233			-4.411
283104.000			-13.233			-4.411
283204.000			-13.233			-4.411
283304.000			-13.233			-4.411
283405.000			-13.234			-4.411
283504.000			-13.233			-4.411
283604.000			-13.234			-4.411
283705.000			-13.234			-4.411
283803.000			-13.235			-4.412
283904.000			-13.233			-4.411
284005.000			-13.233			-4.411
284104.000			-13.233			-4.411
284204.000			-13.232			-4.411
284305.000			-13.232			-4.411
284404.000			-13.232			-4.411
284504.000			-13.232			-4.411
284605.000			-13.233			-4.411
284703.000			-13.233			-4.411
284804.000			-13.233			-4.411
284905.000			-13.234			-4.411
285004.000			-13.233			-4.411
285104.000			-13.232			-4.411
285205.000			-13.232			-4.411
285304.000			-13.232			-4.411
285405.000			-13.232			-4.411
285504.000			-13.232			-4.411
285603.000			-13.232			-4.411
285705.000			-13.232			-4.411
285804.000			-13.233			-4.411
285904.000			-13.233			-4.411
286005.000			-13.232			-4.411
286104.000			-13.231			-4.410
286204.000			-13.231			-4.410
286305.000			-13.232			-4.411
286404.000			-13.232			-4.411
286503.000			-13.230			-4.410
286605.000			-13.231			-4.410
286704.000			-13.231			-4.410
286804.000			-13.231			-4.410
286905.000			-13.231			-4.410
287004.000			-13.230			-4.410
287104.000			-13.230			-4.410
287205.000			-13.229			-4.410
287304.000			-13.230			-4.410
287403.000			-13.231			-4.410
287505.000			-13.230			-4.410
287604.000			-13.230			-4.410
287704.000			-13.230			-4.410
287805.000			-13.230			-4.410
287904.000			-13.229			-4.410
288004.000			-13.230			-4.410
288105.000			-13.230			-4.410
288204.000			-13.229			-4.410
288303.000			-13.229			-4.410
288405.000			-13.229			-4.410
288504.000			-13.230			-4.410
288605.000			-13.229			-4.410
288704.000			-13.230			-4.410
288804.000			-13.228			-4.409
288905.000			-13.228			-4.409
289004.000			-13.228			-4.409
289104.000			-13.228			-4.409
289204.000			-13.228			-4.409
289304.000			-13.229			-4.410
289403.000			-13.228			-4.409
289505.000			-13.227			-4.409
289604.000			-13.227			-4.409
289704.000			-13.228			-4.409
289805.000			-13.228			-4.409
289904.000			-13.228			-4.409
290004.000			-13.228			-4.409
290104.000			-13.227			-4.409
290204.000			-13.228			-4.409
290303.000			-13.228			-4.409
290405.000			-13.227			-4.409
290504.000			-13.228			-4.409
290604.000			-13.228			-4.409
290705.000			-13.227			-4.409
290804.000			-13.226			-4.409
290904.000			-13.227			-4.409
291004.000			-13.226			-4.409
291104.000			-13.226			-4.409
291203.000			-13.227			-4.409
291305.000			-13.227			-4.409
291404.000			-13.227			-4.409
291504.000			-13.226			-4.409
291605.000			-13.226			-4.409
291704.000			-13.226			-4.409
291805.000			-13.226			-4.409
291903.000			-13.226			-4.409
292004.000			-13.225			-4.408
292104.000			-13.225			-4.408
292204.000			-13.225			-4.408
292304.000			-13.226			-4.409
292405.000			-13.226			-4.409
292504.000			-13.226			-4.409
292604.000			-13.225			-4.408
292705.000			-13.225			-4.408
292803.000			-13.225			-4.408
292904.000			-13.224			-4.408
293005.000			-13.224			-4.408
293104.000			-13.226			-4.409
293204.000			-13.226			-4.409
293305.000			-13.226			-4.409
293404.000			-13.226			-4.409
293504.000			-13.226			-4.409
293605.000			-13.225			-4.408
293703.000			-13.225			-4.408
293804.000			-13.226			-4.409
293905.000			-13.225			-4.408
294004.000			-13.225			-4.408
294104.000			-13.224			-4.408
294205.000			-13.225			-4.408
294304.000			-13.225			-4.408
294404.000			-13.225			-4.408
294505.000			-13.223			-4.408
294603.000			-13.223			-4.408
294704.000			-13.223			-4.408
294805.000			-13.224			-4.408
294904.000			-13.223			-4.408
295005.000			-13.223			-4.408
295104.000			-13.223			-4.408
295204.000			-13.224			-4.408
295305.000			-13.225			-4.408
295404.000			-13.225			-4.408
295503.000			-13.224			-4.408
295605.000			-13.223			-4.408
295704.000			-13.223			-4.408
295804.000			-13.223			-4.408
295905.000			-13.223			-4.408
296004.000			-13.223			-4.408
296104.000			-13.223			-4.408
296205.000			-13.224			-4.408
296304.000			-13.224			-4.408
296403.000			-13.223			-4.408
296505.000			-13.223			-4.408
296604.000			-13.222			-4.407
296704.000			-13.223			-4.408
296805.000			-13.223			-4.408
296904.000			-13.222			-4.407
297004.000			-13.222			-4.407
297105.000			-13.222			-4.407
297204.000			-13.222			-4.407
297303.000			-13.222			-4.407
297405.000			-13.222			-4.407
297504.000			-13.222			-4.407
297604.000			-13.221			-4.407
297705.000			-13.221			-4.407
297804.000			-13.221			-4.407
297904.000			-13.221			-4.407
298004.000			-13.221			-4.407
298104.000			-13.221			-4.407
298203.000			-13.220			-4.407
298304.000			-13.220			-4.407
298404.000			-13.220			-4.407
298505.000			-13.220			-4.407
298604.000			-13.220			-4.407
298704.000			-13.221			-4.407
298805.000			-13.221			-4.407
298903.000			-13.221			-4.407
299004.000			-13.220			-4.407
299104.000			-13.219			-4.406
299204.000			-13.219			-4.406
299304.000			-13.220			-4.407
299405.000			-13.220			-4.407
299504.000			-13.219			-4.406
299604.000			-13.220			-4.407
299705.000			-13.220			-4.407
299803.000			-13.220			-4.407
299904.000			-13.219			-4.406
