# t_rise 			 pos 			 t_fall			 pos
176.00000			0.25000			1786.00000			0.25000
2103.00000			-0.25000			3723.00000			-0.25000
5373.00000			0.25000			6978.00000			0.25000
7293.00000			-0.25000			8914.00000			-0.25000
10566.00000			0.25000			12171.00000			0.25000
12487.00000			-0.25000			14108.00000			-0.25000
15759.00000			0.25000			17364.00000			0.25000
17680.00000			-0.25000			19301.00000			-0.25000
20953.00000			0.25000			22557.00000			0.25000
22873.00000			-0.25000			24493.00000			-0.25000
26248.00000			0.50000			27837.00000			0.50000
28280.00000			-0.50000			29861.00000			-0.50000
31661.00000			0.50000			33293.00000			0.50000
33736.00000			-0.50000			35317.00000			-0.50000
37117.00000			0.50000			38750.00000			0.50000
39193.00000			-0.50000			40774.00000			-0.50000
42574.00000			0.50000			44206.00000			0.50000
44649.00000			-0.50000			46230.00000			-0.50000
48029.00000			0.50000			49661.00000			0.50000
50105.00000			-0.50000			51686.00000			-0.50000
53582.00000			0.75000			55205.00000			0.75000
55753.00000			-0.75000			57318.00000			-0.75000
59172.00000			0.75000			60749.00000			0.75000
61296.00000			-0.75000			62861.00000			-0.75000
64715.00000			0.75000			66292.00000			0.75000
66840.00000			-0.75000			68404.00000			-0.75000
70258.00000			0.75000			71835.00000			0.75000
72382.00000			-0.75000			73946.00000			-0.75000
75800.00000			0.75000			77377.00000			0.75000
77925.00000			-0.75000			79490.00000			-0.75000
81441.00000			1.00000			83009.00000			1.00000
83654.00000			-1.00000			85297.00000			-1.00000
87293.00000			1.00000			88904.00000			1.00000
89548.00000			-1.00000			91192.00000			-1.00000
93189.00000			1.00000			94798.00000			1.00000
95443.00000			-1.00000			97087.00000			-1.00000
99084.00000			1.00000			100695.00000			1.00000
101340.00000			-1.00000			102982.00000			-1.00000
104979.00000			1.00000			106589.00000			1.00000
107234.00000			-1.00000			108877.00000			-1.00000
110953.00000			1.25000			112572.00000			1.25000
113296.00000			-1.25000			114859.00000			-1.25000
116894.00000			1.25000			118468.00000			1.25000
119192.00000			-1.25000			120756.00000			-1.25000
122789.00000			1.25000			124362.00000			1.25000
125086.00000			-1.25000			126650.00000			-1.25000
128683.00000			1.25000			130256.00000			1.25000
130980.00000			-1.25000			132544.00000			-1.25000
134578.00000			1.25000			136152.00000			1.25000
136875.00000			-1.25000			138439.00000			-1.25000
140547.00000			1.50000			142135.00000			1.50000
142932.00000			-1.50000			144510.00000			-1.50000
146657.00000			1.50000			148294.00000			1.50000
149092.00000			-1.50000			150670.00000			-1.50000
152816.00000			1.50000			154452.00000			1.50000
155250.00000			-1.50000			156828.00000			-1.50000
158974.00000			1.50000			160612.00000			1.50000
161408.00000			-1.50000			162986.00000			-1.50000
165133.00000			1.50000			166770.00000			1.50000
167567.00000			-1.50000			169145.00000			-1.50000
171370.00000			1.75000			173016.00000			1.75000
173874.00000			-1.75000			175478.00000			-1.75000
177660.00000			1.75000			179261.00000			1.75000
180107.00000			-1.75000			181724.00000			-1.75000
183906.00000			1.75000			185506.00000			1.75000
186364.00000			-1.75000			187971.00000			-1.75000
190154.00000			1.75000			191755.00000			1.75000
192607.00000			-1.75000			194217.00000			-1.75000
196400.00000			1.75000			198000.00000			1.75000
198858.00000			-1.75000			200463.00000			-1.75000
202725.00000			2.00000			204334.00000			2.00000
205265.00000			-2.00000			206884.00000			-2.00000
209109.00000			2.00000			210755.00000			2.00000
211693.00000			-2.00000			213307.00000			-2.00000
215532.00000			2.00000			217178.00000			2.00000
218108.00000			-2.00000			219727.00000			-2.00000
221952.00000			2.00000			223598.00000			2.00000
224530.00000			-2.00000			226150.00000			-2.00000
228376.00000			2.00000			230022.00000			2.00000
230959.00000			-2.00000			232572.00000			-2.00000
234853.00000			2.25000			236443.00000			2.25000
237417.00000			-2.25000			238994.00000			-2.25000
241319.00000			2.25000			242953.00000			2.25000
243927.00000			-2.25000			245503.00000			-2.25000
247829.00000			2.25000			249462.00000			2.25000
250437.00000			-2.25000			252014.00000			-2.25000
254341.00000			2.25000			255974.00000			2.25000
256949.00000			-2.25000			258526.00000			-2.25000
260851.00000			2.25000			262484.00000			2.25000
263458.00000			-2.25000			265036.00000			-2.25000
267448.00000			2.50000			269084.00000			2.50000
270119.00000			-2.50000			271723.00000			-2.50000
274091.00000			2.50000			275681.00000			2.50000
276722.00000			-2.50000			278322.00000			-2.50000
280690.00000			2.50000			282280.00000			2.50000
283322.00000			-2.50000			284920.00000			-2.50000
287282.00000			2.50000			288879.00000			2.50000
289920.00000			-2.50000			291519.00000			-2.50000
293880.00000			2.50000			295477.00000			2.50000
296512.00000			-2.50000			298117.00000			-2.50000
300538.00000			2.75000			302162.00000			2.75000
303246.00000			-2.75000			304889.00000			-2.75000
307270.00000			2.75000			308848.00000			2.75000
309931.00000			-2.75000			311574.00000			-2.75000
314021.00000			3.00000			315621.00000			3.00000
316735.00000			-3.00000			318349.00000			-3.00000
320841.00000			3.00000			322484.00000			3.00000
323598.00000			-3.00000			325211.00000			-3.00000
327776.00000			3.25000			329344.00000			3.25000
330532.00000			-3.25000			332159.00000			-3.25000
334684.00000			3.25000			336294.00000			3.25000
337482.00000			-3.25000			339109.00000			-3.25000
341699.00000			3.50000			343332.00000			3.50000
344562.00000			-3.50000			346147.00000			-3.50000
348689.00000			3.50000			350282.00000			3.50000
351513.00000			-3.50000			353098.00000			-3.50000
355720.00000			3.75000			357322.00000			3.75000
358607.00000			-3.75000			360225.00000			-3.75000
362798.00000			3.75000			364360.00000			3.75000
365645.00000			-3.75000			367263.00000			-3.75000
369890.00000			4.00000			371486.00000			4.00000
372796.00000			-4.00000			374389.00000			-4.00000
377055.00000			4.00000			378699.00000			4.00000
380009.00000			-4.00000			381603.00000			-4.00000
384349.00000			4.25000			385915.00000			4.25000
387279.00000			-4.25000			388906.00000			-4.25000
391609.00000			4.25000			393218.00000			4.25000
394581.00000			-4.25000			396209.00000			-4.25000
398959.00000			4.50000			400606.00000			4.50000
401994.00000			-4.50000			403597.00000			-4.50000
406304.00000			4.50000			407907.00000			4.50000
409295.00000			-4.50000			410898.00000			-4.50000
413680.00000			4.75000			415297.00000			4.75000
416741.00000			-4.75000			418376.00000			-4.75000
421115.00000			4.75000			422688.00000			4.75000
424132.00000			-4.75000			425767.00000			-4.75000
428561.00000			5.00000			430165.00000			5.00000
431640.00000			-5.00000			433246.00000			-5.00000
436086.00000			5.00000			437646.00000			5.00000
439119.00000			-5.00000			440725.00000			-5.00000
443632.00000			5.25000			445213.00000			5.25000
446725.00000			-5.25000			448294.00000			-5.25000
451220.00000			5.50000			452782.00000			5.50000
454329.00000			-5.50000			455950.00000			-5.50000
458899.00000			5.75000			460525.00000			5.75000
462128.00000			-5.75000			463694.00000			-5.75000
466650.00000			6.00000			468270.00000			6.00000
469902.00000			-6.00000			471524.00000			-6.00000
474586.00000			6.25000			476187.00000			6.25000
477833.00000			-6.25000			479443.00000			-6.25000
482442.00000			6.50000			484019.00000			6.50000
485706.00000			-6.50000			487274.00000			-6.50000
490373.00000			6.75000			491937.00000			6.75000
493656.00000			-6.75000			495280.00000			-6.75000
498397.00000			7.00000			500031.00000			7.00000
501797.00000			-7.00000			503373.00000			-7.00000
506509.00000			7.25000			508125.00000			7.25000
509917.00000			-7.25000			511557.00000			-7.25000
514703.00000			7.50000			516306.00000			7.50000
518116.00000			-7.50000			519737.00000			-7.50000
522984.00000			7.75000			524575.00000			7.75000
526428.00000			-7.75000			528007.00000			-7.75000
531265.00000			8.00000			532845.00000			8.00000
534721.00000			-8.00000			536365.00000			-8.00000
539654.00000			8.25000			541291.00000			8.25000
543216.00000			-8.25000			544809.00000			-8.25000
548093.00000			8.50000			549738.00000			8.50000
551675.00000			-8.50000			553256.00000			-8.50000
556570.00000			8.75000			558184.00000			8.75000
560146.00000			-8.75000			561791.00000			-8.75000
565105.00000			9.00000			566718.00000			9.00000
568716.00000			-9.00000			570324.00000			-9.00000
573669.00000			9.25000			575251.00000			9.25000
577286.00000			-9.25000			578857.00000			-9.25000
582290.00000			9.50000			583871.00000			9.50000
585931.00000			-9.50000			587566.00000			-9.50000
591022.00000			9.75000			592667.00000			9.75000
594745.00000			-9.75000			596361.00000			-9.75000
599836.00000			10.00000			601463.00000			10.00000
603590.00000			-10.00000			605159.00000			-10.00000
608634.00000			10.25000			610261.00000			10.25000
612382.00000			-10.25000			613957.00000			-10.25000
617445.00000			10.50000			619060.00000			10.50000
621217.00000			-10.50000			622842.00000			-10.50000
626354.00000			10.75000			627944.00000			10.75000
630143.00000			-10.75000			631727.00000			-10.75000
635244.00000			11.00000			636828.00000			11.00000
639034.00000			-11.00000			640611.00000			-11.00000
