# Acquired on 29/01/2024 11:14:51 
# SPIDER: Creep_7mm_HM077x145x38AA-2
# CREEP MEASUREMENT

# time [ms]		force [N]		stiffness [N/mm]
0.000			-36.940			-5.277
105.000			-37.513			-5.359
204.000			-37.522			-5.360
303.000			-37.354			-5.336
405.000			-37.262			-5.323
504.000			-37.195			-5.314
604.000			-37.138			-5.305
705.000			-37.043			-5.292
803.000			-37.003			-5.286
904.000			-36.964			-5.281
1005.000			-36.931			-5.276
1104.000			-36.898			-5.271
1204.000			-36.867			-5.267
1305.000			-36.839			-5.263
1404.000			-36.812			-5.259
1503.000			-36.764			-5.252
1604.000			-36.741			-5.249
1704.000			-36.718			-5.245
1805.000			-36.698			-5.243
1904.000			-36.677			-5.240
2004.000			-36.659			-5.237
2105.000			-36.641			-5.234
2203.000			-36.605			-5.229
2304.000			-36.590			-5.227
2405.000			-36.575			-5.225
2504.000			-36.560			-5.223
2604.000			-36.544			-5.221
2704.000			-36.529			-5.218
2804.000			-36.514			-5.216
2904.000			-36.489			-5.213
3005.000			-36.475			-5.211
3104.000			-36.462			-5.209
3204.000			-36.450			-5.207
3305.000			-36.438			-5.205
3403.000			-36.425			-5.204
3504.000			-36.414			-5.202
3605.000			-36.392			-5.199
3704.000			-36.381			-5.197
3804.000			-36.370			-5.196
3905.000			-36.360			-5.194
4004.000			-36.350			-5.193
4103.000			-36.340			-5.191
4205.000			-36.330			-5.190
4304.000			-36.320			-5.189
4404.000			-36.303			-5.186
4505.000			-36.294			-5.185
4603.000			-36.286			-5.184
4705.000			-36.277			-5.182
4804.000			-36.267			-5.181
4904.000			-36.258			-5.180
5005.000			-36.250			-5.179
5104.000			-36.234			-5.176
5204.000			-36.226			-5.175
5304.000			-36.218			-5.174
5404.000			-36.210			-5.173
5504.000			-36.203			-5.172
5605.000			-36.195			-5.171
5704.000			-36.188			-5.170
5804.000			-36.174			-5.168
5905.000			-36.167			-5.167
6003.000			-36.161			-5.166
6104.000			-36.154			-5.165
6205.000			-36.147			-5.164
6304.000			-36.140			-5.163
6404.000			-36.133			-5.162
6504.000			-36.121			-5.160
6604.000			-36.115			-5.159
6704.000			-36.108			-5.158
6805.000			-36.101			-5.157
6904.000			-36.095			-5.156
7004.000			-36.090			-5.156
7105.000			-36.085			-5.155
7203.000			-36.078			-5.154
7304.000			-36.066			-5.152
7405.000			-36.060			-5.151
7504.000			-36.055			-5.151
7604.000			-36.049			-5.150
7704.000			-36.044			-5.149
7804.000			-36.039			-5.148
7905.000			-36.033			-5.148
8004.000			-36.021			-5.146
8104.000			-36.016			-5.145
8205.000			-36.011			-5.144
8304.000			-36.006			-5.144
8403.000			-36.001			-5.143
8505.000			-35.998			-5.143
8604.000			-35.992			-5.142
8704.000			-35.982			-5.140
8805.000			-35.977			-5.140
8904.000			-35.971			-5.139
9004.000			-35.966			-5.138
9104.000			-35.961			-5.137
9204.000			-35.956			-5.137
9304.000			-35.953			-5.136
9405.000			-35.944			-5.135
9504.000			-35.940			-5.134
9603.000			-35.935			-5.134
9705.000			-35.931			-5.133
9804.000			-35.925			-5.132
9904.000			-35.921			-5.132
10005.000			-35.916			-5.131
10104.000			-35.912			-5.130
10204.000			-35.904			-5.129
10304.000			-35.900			-5.129
10404.000			-35.896			-5.128
10504.000			-35.892			-5.127
10605.000			-35.888			-5.127
10704.000			-35.884			-5.126
10804.000			-35.880			-5.126
10905.000			-35.871			-5.124
11003.000			-35.867			-5.124
11105.000			-35.863			-5.123
11204.000			-35.859			-5.123
11304.000			-35.855			-5.122
11405.000			-35.852			-5.122
11504.000			-35.848			-5.121
11604.000			-35.841			-5.120
11704.000			-35.837			-5.120
11804.000			-35.833			-5.119
11904.000			-35.830			-5.119
12005.000			-35.826			-5.118
12104.000			-35.822			-5.117
12204.000			-35.819			-5.117
12305.000			-35.811			-5.116
12403.000			-35.808			-5.115
12504.000			-35.805			-5.115
12605.000			-35.801			-5.114
12704.000			-35.797			-5.114
12804.000			-35.793			-5.113
12905.000			-35.790			-5.113
13004.000			-35.788			-5.113
13103.000			-35.781			-5.112
13205.000			-35.778			-5.111
13304.000			-35.774			-5.111
13404.000			-35.770			-5.110
13505.000			-35.767			-5.110
13604.000			-35.764			-5.109
13704.000			-35.762			-5.109
13804.000			-35.754			-5.108
13904.000			-35.751			-5.107
14004.000			-35.747			-5.107
14105.000			-35.745			-5.106
14204.000			-35.742			-5.106
14303.000			-35.739			-5.106
14404.000			-35.736			-5.105
14503.000			-35.729			-5.104
14605.000			-35.726			-5.104
14704.000			-35.724			-5.103
14804.000			-35.721			-5.103
14905.000			-35.717			-5.102
15003.000			-35.714			-5.102
15104.000			-35.710			-5.101
15205.000			-35.705			-5.101
15304.000			-35.702			-5.100
15404.000			-35.700			-5.100
15505.000			-35.697			-5.100
15604.000			-35.693			-5.099
15703.000			-35.690			-5.099
15805.000			-35.688			-5.098
15904.000			-35.686			-5.098
16004.000			-35.679			-5.097
16105.000			-35.676			-5.097
16204.000			-35.674			-5.096
16304.000			-35.671			-5.096
16404.000			-35.669			-5.096
16504.000			-35.666			-5.095
16603.000			-35.663			-5.095
16705.000			-35.657			-5.094
16804.000			-35.655			-5.094
16904.000			-35.653			-5.093
17005.000			-35.651			-5.093
17104.000			-35.647			-5.092
17204.000			-35.645			-5.092
17304.000			-35.642			-5.092
17404.000			-35.637			-5.091
17505.000			-35.635			-5.091
17604.000			-35.632			-5.090
17704.000			-35.629			-5.090
17805.000			-35.626			-5.089
17904.000			-35.623			-5.089
18003.000			-35.621			-5.089
18105.000			-35.617			-5.088
18204.000			-35.613			-5.088
18304.000			-35.611			-5.087
18405.000			-35.610			-5.087
18504.000			-35.607			-5.087
18604.000			-35.604			-5.086
18704.000			-35.602			-5.086
18804.000			-35.600			-5.086
18904.000			-35.595			-5.085
19005.000			-35.592			-5.085
19104.000			-35.590			-5.084
19203.000			-35.588			-5.084
19305.000			-35.585			-5.084
19403.000			-35.582			-5.083
19504.000			-35.580			-5.083
19605.000			-35.575			-5.082
19704.000			-35.573			-5.082
19804.000			-35.572			-5.082
19904.000			-35.570			-5.081
20004.000			-35.567			-5.081
20103.000			-35.564			-5.081
20205.000			-35.562			-5.080
20304.000			-35.558			-5.080
20404.000			-35.556			-5.079
20505.000			-35.553			-5.079
20603.000			-35.550			-5.079
20705.000			-35.548			-5.078
20804.000			-35.546			-5.078
20904.000			-35.545			-5.078
21005.000			-35.540			-5.077
21104.000			-35.537			-5.077
21204.000			-35.536			-5.077
21304.000			-35.534			-5.076
21404.000			-35.532			-5.076
21504.000			-35.529			-5.076
21605.000			-35.526			-5.075
21704.000			-35.525			-5.075
21804.000			-35.521			-5.074
21905.000			-35.519			-5.074
22003.000			-35.517			-5.074
22104.000			-35.515			-5.074
22205.000			-35.513			-5.073
22304.000			-35.511			-5.073
22404.000			-35.509			-5.073
22505.000			-35.504			-5.072
22604.000			-35.503			-5.072
22703.000			-35.502			-5.072
22805.000			-35.499			-5.071
22904.000			-35.496			-5.071
23004.000			-35.494			-5.071
23105.000			-35.492			-5.070
23203.000			-35.488			-5.070
23304.000			-35.486			-5.069
23405.000			-35.484			-5.069
23504.000			-35.482			-5.069
23604.000			-35.481			-5.069
23705.000			-35.479			-5.068
23804.000			-35.476			-5.068
23903.000			-35.473			-5.068
24004.000			-35.471			-5.067
24104.000			-35.470			-5.067
24205.000			-35.467			-5.067
24304.000			-35.465			-5.066
24404.000			-35.463			-5.066
24505.000			-35.461			-5.066
24603.000			-35.459			-5.066
24704.000			-35.457			-5.065
24805.000			-35.454			-5.065
24904.000			-35.452			-5.065
25004.000			-35.450			-5.064
25105.000			-35.449			-5.064
25204.000			-35.447			-5.064
25303.000			-35.444			-5.063
25405.000			-35.441			-5.063
25504.000			-35.440			-5.063
25604.000			-35.437			-5.062
25705.000			-35.435			-5.062
25804.000			-35.434			-5.062
25904.000			-35.432			-5.062
26004.000			-35.431			-5.062
26104.000			-35.427			-5.061
26204.000			-35.425			-5.061
26305.000			-35.423			-5.060
26404.000			-35.422			-5.060
26504.000			-35.420			-5.060
26605.000			-35.418			-5.060
26703.000			-35.416			-5.059
26804.000			-35.414			-5.059
26905.000			-35.411			-5.059
27004.000			-35.409			-5.058
27105.000			-35.407			-5.058
27204.000			-35.406			-5.058
27304.000			-35.405			-5.058
27404.000			-35.403			-5.058
27504.000			-35.401			-5.057
27604.000			-35.397			-5.057
27705.000			-35.396			-5.057
27804.000			-35.394			-5.056
27904.000			-35.393			-5.056
28005.000			-35.391			-5.056
28103.000			-35.389			-5.056
28204.000			-35.387			-5.055
28305.000			-35.384			-5.055
28404.000			-35.382			-5.055
28504.000			-35.380			-5.054
28605.000			-35.378			-5.054
28704.000			-35.377			-5.054
28803.000			-35.375			-5.054
28905.000			-35.374			-5.053
29004.000			-35.370			-5.053
29104.000			-35.369			-5.053
29205.000			-35.368			-5.053
29304.000			-35.366			-5.052
29404.000			-35.365			-5.052
29504.000			-35.364			-5.052
29604.000			-35.362			-5.052
29704.000			-35.359			-5.051
29805.000			-35.356			-5.051
29904.000			-35.354			-5.051
30004.000			-35.353			-5.050
30105.000			-35.352			-5.050
30203.000			-35.350			-5.050
30305.000			-35.349			-5.050
30404.000			-35.347			-5.050
30504.000			-35.344			-5.049
30605.000			-35.343			-5.049
30704.000			-35.342			-5.049
30804.000			-35.340			-5.049
30905.000			-35.338			-5.048
31004.000			-35.336			-5.048
31104.000			-35.334			-5.048
31205.000			-35.331			-5.047
31304.000			-35.330			-5.047
31403.000			-35.329			-5.047
31505.000			-35.328			-5.047
31604.000			-35.326			-5.047
31704.000			-35.324			-5.046
31805.000			-35.323			-5.046
31904.000			-35.321			-5.046
32004.000			-35.319			-5.046
32104.000			-35.317			-5.045
32204.000			-35.316			-5.045
32304.000			-35.315			-5.045
32405.000			-35.314			-5.045
32504.000			-35.312			-5.045
32604.000			-35.309			-5.044
32705.000			-35.308			-5.044
32803.000			-35.305			-5.044
32904.000			-35.303			-5.043
33005.000			-35.303			-5.043
33104.000			-35.302			-5.043
33204.000			-35.300			-5.043
33305.000			-35.299			-5.043
33404.000			-35.296			-5.042
33503.000			-35.295			-5.042
33604.000			-35.292			-5.042
33704.000			-35.292			-5.042
33805.000			-35.291			-5.042
33904.000			-35.289			-5.041
34004.000			-35.287			-5.041
34105.000			-35.285			-5.041
34203.000			-35.284			-5.041
34304.000			-35.283			-5.040
34405.000			-35.281			-5.040
34504.000			-35.279			-5.040
34604.000			-35.278			-5.040
34705.000			-35.276			-5.039
34804.000			-35.273			-5.039
34903.000			-35.272			-5.039
35005.000			-35.271			-5.039
35104.000			-35.269			-5.038
35204.000			-35.267			-5.038
35305.000			-35.266			-5.038
35403.000			-35.265			-5.038
35504.000			-35.263			-5.038
35605.000			-35.262			-5.037
35704.000			-35.260			-5.037
35804.000			-35.259			-5.037
35905.000			-35.258			-5.037
36004.000			-35.256			-5.037
36103.000			-35.255			-5.036
36205.000			-35.254			-5.036
36304.000			-35.252			-5.036
36404.000			-35.252			-5.036
36505.000			-35.250			-5.036
36604.000			-35.248			-5.035
36705.000			-35.246			-5.035
36803.000			-35.245			-5.035
36904.000			-35.243			-5.035
37005.000			-35.240			-5.034
37104.000			-35.239			-5.034
37204.000			-35.239			-5.034
37305.000			-35.238			-5.034
37404.000			-35.237			-5.034
37503.000			-35.235			-5.034
37605.000			-35.234			-5.033
37704.000			-35.230			-5.033
37804.000			-35.230			-5.033
37905.000			-35.229			-5.033
38004.000			-35.228			-5.033
38104.000			-35.227			-5.032
38204.000			-35.225			-5.032
38304.000			-35.224			-5.032
38404.000			-35.221			-5.032
38505.000			-35.219			-5.031
38604.000			-35.218			-5.031
38704.000			-35.218			-5.031
38805.000			-35.216			-5.031
38903.000			-35.215			-5.031
39004.000			-35.214			-5.031
39105.000			-35.212			-5.030
39204.000			-35.211			-5.030
39304.000			-35.209			-5.030
39404.000			-35.208			-5.030
39504.000			-35.208			-5.030
39604.000			-35.205			-5.029
39705.000			-35.204			-5.029
39804.000			-35.203			-5.029
39905.000			-35.201			-5.029
40004.000			-35.199			-5.028
40103.000			-35.197			-5.028
40205.000			-35.196			-5.028
40304.000			-35.196			-5.028
40404.000			-35.194			-5.028
40505.000			-35.193			-5.028
40604.000			-35.191			-5.027
40704.000			-35.189			-5.027
40804.000			-35.189			-5.027
40904.000			-35.187			-5.027
41004.000			-35.186			-5.027
41105.000			-35.185			-5.026
41204.000			-35.184			-5.026
41304.000			-35.182			-5.026
41405.000			-35.180			-5.026
41503.000			-35.179			-5.026
41604.000			-35.177			-5.025
41705.000			-35.176			-5.025
41804.000			-35.176			-5.025
41904.000			-35.174			-5.025
42005.000			-35.173			-5.025
42104.000			-35.171			-5.024
42203.000			-35.171			-5.024
42305.000			-35.169			-5.024
42404.000			-35.167			-5.024
42504.000			-35.166			-5.024
42605.000			-35.166			-5.024
42703.000			-35.165			-5.024
42804.000			-35.163			-5.023
42905.000			-35.161			-5.023
43004.000			-35.160			-5.023
43105.000			-35.159			-5.023
43204.000			-35.158			-5.023
43304.000			-35.157			-5.022
43404.000			-35.156			-5.022
43504.000			-35.153			-5.022
43604.000			-35.152			-5.022
43705.000			-35.151			-5.022
43804.000			-35.150			-5.021
43904.000			-35.149			-5.021
44005.000			-35.148			-5.021
44103.000			-35.147			-5.021
44204.000			-35.145			-5.021
44305.000			-35.143			-5.020
44404.000			-35.142			-5.020
44504.000			-35.142			-5.020
44605.000			-35.140			-5.020
44704.000			-35.139			-5.020
44803.000			-35.138			-5.020
44905.000			-35.137			-5.020
45004.000			-35.134			-5.019
45104.000			-35.132			-5.019
45205.000			-35.132			-5.019
45303.000			-35.132			-5.019
45404.000			-35.130			-5.019
45505.000			-35.128			-5.018
45604.000			-35.128			-5.018
45704.000			-35.126			-5.018
45805.000			-35.125			-5.018
45904.000			-35.124			-5.018
46003.000			-35.122			-5.017
46105.000			-35.121			-5.017
46204.000			-35.120			-5.017
46305.000			-35.120			-5.017
46404.000			-35.118			-5.017
46504.000			-35.116			-5.017
46605.000			-35.116			-5.017
46703.000			-35.115			-5.016
46804.000			-35.112			-5.016
46905.000			-35.112			-5.016
47004.000			-35.111			-5.016
47104.000			-35.110			-5.016
47205.000			-35.108			-5.015
47304.000			-35.107			-5.015
47403.000			-35.107			-5.015
47505.000			-35.106			-5.015
47604.000			-35.105			-5.015
47704.000			-35.104			-5.015
47805.000			-35.103			-5.015
47904.000			-35.101			-5.014
48004.000			-35.099			-5.014
48104.000			-35.098			-5.014
48204.000			-35.098			-5.014
48304.000			-35.097			-5.014
48405.000			-35.096			-5.014
48504.000			-35.096			-5.014
48603.000			-35.093			-5.013
48705.000			-35.092			-5.013
48804.000			-35.091			-5.013
48904.000			-35.090			-5.013
49005.000			-35.089			-5.013
49104.000			-35.087			-5.012
49204.000			-35.087			-5.012
49304.000			-35.084			-5.012
49404.000			-35.084			-5.012
49505.000			-35.083			-5.012
49604.000			-35.083			-5.012
49704.000			-35.081			-5.012
49805.000			-35.080			-5.011
49904.000			-35.079			-5.011
50003.000			-35.078			-5.011
50105.000			-35.076			-5.011
50204.000			-35.075			-5.011
50304.000			-35.074			-5.011
50405.000			-35.073			-5.010
50504.000			-35.073			-5.010
50604.000			-35.071			-5.010
50704.000			-35.070			-5.010
50804.000			-35.068			-5.010
50904.000			-35.067			-5.010
51005.000			-35.067			-5.010
51104.000			-35.066			-5.009
51204.000			-35.064			-5.009
51305.000			-35.063			-5.009
51403.000			-35.062			-5.009
51504.000			-35.062			-5.009
51605.000			-35.060			-5.009
51704.000			-35.059			-5.008
51804.000			-35.058			-5.008
51904.000			-35.057			-5.008
52004.000			-35.056			-5.008
52103.000			-35.055			-5.008
52205.000			-35.053			-5.008
52304.000			-35.052			-5.007
52404.000			-35.051			-5.007
52505.000			-35.051			-5.007
52603.000			-35.050			-5.007
52705.000			-35.049			-5.007
52804.000			-35.047			-5.007
52904.000			-35.046			-5.007
53005.000			-35.045			-5.006
53104.000			-35.043			-5.006
53204.000			-35.043			-5.006
53304.000			-35.042			-5.006
53404.000			-35.041			-5.006
53504.000			-35.040			-5.006
53605.000			-35.039			-5.006
53704.000			-35.038			-5.005
53804.000			-35.036			-5.005
53905.000			-35.035			-5.005
54003.000			-35.035			-5.005
54104.000			-35.034			-5.005
54205.000			-35.033			-5.005
54304.000			-35.033			-5.005
54404.000			-35.031			-5.004
54504.000			-35.029			-5.004
54604.000			-35.028			-5.004
54704.000			-35.026			-5.004
54805.000			-35.026			-5.004
54904.000			-35.027			-5.004
55004.000			-35.025			-5.004
55105.000			-35.023			-5.003
55203.000			-35.022			-5.003
55304.000			-35.021			-5.003
55405.000			-35.020			-5.003
55504.000			-35.019			-5.003
55604.000			-35.019			-5.003
55705.000			-35.018			-5.003
55804.000			-35.016			-5.002
55903.000			-35.015			-5.002
56004.000			-35.013			-5.002
56104.000			-35.012			-5.002
56205.000			-35.011			-5.002
56304.000			-35.011			-5.002
56403.000			-35.011			-5.002
56505.000			-35.010			-5.001
56604.000			-35.008			-5.001
56704.000			-35.007			-5.001
56805.000			-35.006			-5.001
56904.000			-35.005			-5.001
57004.000			-35.003			-5.000
57104.000			-35.003			-5.000
57204.000			-35.003			-5.000
57304.000			-35.001			-5.000
57405.000			-35.001			-5.000
57504.000			-35.000			-5.000
57604.000			-34.998			-5.000
57705.000			-34.997			-5.000
57803.000			-34.997			-5.000
57904.000			-34.996			-4.999
58005.000			-34.995			-4.999
58104.000			-34.993			-4.999
58204.000			-34.993			-4.999
58305.000			-34.992			-4.999
58404.000			-34.992			-4.999
58503.000			-34.990			-4.999
58605.000			-34.988			-4.998
58704.000			-34.988			-4.998
58804.000			-34.986			-4.998
58905.000			-34.987			-4.998
59004.000			-34.985			-4.998
59105.000			-34.984			-4.998
59203.000			-34.983			-4.998
59304.000			-34.983			-4.998
59405.000			-34.982			-4.997
59504.000			-34.980			-4.997
59604.000			-34.979			-4.997
59705.000			-34.979			-4.997
59804.000			-34.978			-4.997
59903.000			-34.976			-4.997
60005.000			-34.977			-4.997
60103.000			-34.975			-4.996
60204.000			-34.974			-4.996
60305.000			-34.973			-4.996
60404.000			-34.972			-4.996
60504.000			-34.971			-4.996
60604.000			-34.970			-4.996
60704.000			-34.969			-4.996
60804.000			-34.968			-4.995
60905.000			-34.968			-4.995
61004.000			-34.967			-4.995
61104.000			-34.966			-4.995
61205.000			-34.964			-4.995
61303.000			-34.963			-4.995
61404.000			-34.961			-4.994
61505.000			-34.962			-4.995
61604.000			-34.961			-4.994
61704.000			-34.960			-4.994
61805.000			-34.959			-4.994
61904.000			-34.958			-4.994
62003.000			-34.958			-4.994
62105.000			-34.957			-4.994
62204.000			-34.957			-4.994
62305.000			-34.956			-4.994
62404.000			-34.953			-4.993
62504.000			-34.953			-4.993
62605.000			-34.953			-4.993
62703.000			-34.951			-4.993
62804.000			-34.950			-4.993
62905.000			-34.950			-4.993
63004.000			-34.948			-4.993
63104.000			-34.947			-4.992
63205.000			-34.946			-4.992
63304.000			-34.946			-4.992
63403.000			-34.945			-4.992
63505.000			-34.943			-4.992
63604.000			-34.944			-4.992
63704.000			-34.943			-4.992
63805.000			-34.941			-4.992
63904.000			-34.941			-4.992
64004.000			-34.939			-4.991
64104.000			-34.938			-4.991
64204.000			-34.937			-4.991
64303.000			-34.937			-4.991
64405.000			-34.937			-4.991
64504.000			-34.936			-4.991
64604.000			-34.934			-4.991
64705.000			-34.933			-4.990
64804.000			-34.933			-4.990
64904.000			-34.932			-4.990
65004.000			-34.931			-4.990
65104.000			-34.930			-4.990
65204.000			-34.930			-4.990
65305.000			-34.928			-4.990
65404.000			-34.927			-4.990
65505.000			-34.926			-4.989
65604.000			-34.926			-4.989
65703.000			-34.926			-4.989
65805.000			-34.924			-4.989
65904.000			-34.923			-4.989
66004.000			-34.922			-4.989
66105.000			-34.921			-4.989
66204.000			-34.921			-4.989
66304.000			-34.919			-4.988
66404.000			-34.919			-4.988
66504.000			-34.918			-4.988
66604.000			-34.918			-4.988
66705.000			-34.917			-4.988
66804.000			-34.915			-4.988
66904.000			-34.915			-4.988
67005.000			-34.913			-4.988
67103.000			-34.912			-4.987
67204.000			-34.912			-4.987
67305.000			-34.912			-4.987
67404.000			-34.911			-4.987
67504.000			-34.909			-4.987
67605.000			-34.909			-4.987
67704.000			-34.908			-4.987
67803.000			-34.907			-4.987
67905.000			-34.907			-4.987
68004.000			-34.907			-4.987
68104.000			-34.906			-4.987
68205.000			-34.903			-4.986
68304.000			-34.904			-4.986
68404.000			-34.903			-4.986
68504.000			-34.901			-4.986
68604.000			-34.901			-4.986
68705.000			-34.900			-4.986
68804.000			-34.900			-4.986
68904.000			-34.897			-4.985
69005.000			-34.896			-4.985
69104.000			-34.896			-4.985
69203.000			-34.895			-4.985
69305.000			-34.895			-4.985
69404.000			-34.895			-4.985
69504.000			-34.893			-4.985
69605.000			-34.890			-4.984
69704.000			-34.890			-4.984
69804.000			-34.890			-4.984
69904.000			-34.889			-4.984
70004.000			-34.889			-4.984
70103.000			-34.889			-4.984
70205.000			-34.888			-4.984
70304.000			-34.887			-4.984
70404.000			-34.885			-4.984
70505.000			-34.885			-4.984
70604.000			-34.885			-4.984
70704.000			-34.884			-4.983
70804.000			-34.883			-4.983
70904.000			-34.882			-4.983
71004.000			-34.881			-4.983
71105.000			-34.881			-4.983
71204.000			-34.879			-4.983
71304.000			-34.878			-4.983
71405.000			-34.877			-4.982
71503.000			-34.876			-4.982
71604.000			-34.876			-4.982
71705.000			-34.876			-4.982
71804.000			-34.874			-4.982
71905.000			-34.874			-4.982
72004.000			-34.874			-4.982
72104.000			-34.872			-4.982
72204.000			-34.871			-4.982
72304.000			-34.870			-4.981
72404.000			-34.870			-4.981
72505.000			-34.870			-4.981
72604.000			-34.867			-4.981
72704.000			-34.867			-4.981
72805.000			-34.866			-4.981
72903.000			-34.866			-4.981
73004.000			-34.865			-4.981
73105.000			-34.865			-4.981
73204.000			-34.864			-4.981
73304.000			-34.861			-4.980
73405.000			-34.861			-4.980
73504.000			-34.861			-4.980
73603.000			-34.860			-4.980
73705.000			-34.860			-4.980
73804.000			-34.860			-4.980
73904.000			-34.857			-4.980
74005.000			-34.858			-4.980
74104.000			-34.857			-4.980
74204.000			-34.856			-4.979
74304.000			-34.855			-4.979
74404.000			-34.855			-4.979
74504.000			-34.853			-4.979
74605.000			-34.852			-4.979
74704.000			-34.851			-4.979
74804.000			-34.850			-4.979
74905.000			-34.850			-4.979
75003.000			-34.850			-4.979
75105.000			-34.849			-4.978
75204.000			-34.848			-4.978
75304.000			-34.847			-4.978
75405.000			-34.845			-4.978
75504.000			-34.844			-4.978
75604.000			-34.844			-4.978
75705.000			-34.844			-4.978
75804.000			-34.843			-4.978
75903.000			-34.843			-4.978
76005.000			-34.842			-4.977
76104.000			-34.842			-4.977
76204.000			-34.842			-4.977
76305.000			-34.840			-4.977
76404.000			-34.838			-4.977
76504.000			-34.838			-4.977
76604.000			-34.837			-4.977
76704.000			-34.836			-4.977
76804.000			-34.837			-4.977
76905.000			-34.835			-4.976
77004.000			-34.835			-4.976
77104.000			-34.834			-4.976
77205.000			-34.834			-4.976
77303.000			-34.832			-4.976
77404.000			-34.831			-4.976
77505.000			-34.831			-4.976
77604.000			-34.829			-4.976
77704.000			-34.828			-4.975
77805.000			-34.828			-4.975
77904.000			-34.828			-4.975
78003.000			-34.828			-4.975
78105.000			-34.827			-4.975
78204.000			-34.826			-4.975
78305.000			-34.825			-4.975
78404.000			-34.824			-4.975
78504.000			-34.823			-4.975
78605.000			-34.823			-4.975
78703.000			-34.822			-4.975
78804.000			-34.821			-4.974
78905.000			-34.821			-4.974
79004.000			-34.821			-4.974
79104.000			-34.818			-4.974
79205.000			-34.818			-4.974
79304.000			-34.818			-4.974
79403.000			-34.816			-4.974
79505.000			-34.816			-4.974
79604.000			-34.815			-4.974
79704.000			-34.814			-4.973
79805.000			-34.814			-4.973
79904.000			-34.813			-4.973
80004.000			-34.812			-4.973
80104.000			-34.812			-4.973
80204.000			-34.811			-4.973
80304.000			-34.811			-4.973
80405.000			-34.810			-4.973
80504.000			-34.809			-4.973
80604.000			-34.807			-4.972
80705.000			-34.808			-4.973
80803.000			-34.808			-4.973
80904.000			-34.807			-4.972
81005.000			-34.806			-4.972
81104.000			-34.806			-4.972
81204.000			-34.804			-4.972
81305.000			-34.803			-4.972
81404.000			-34.802			-4.972
81503.000			-34.802			-4.972
81604.000			-34.801			-4.972
81704.000			-34.801			-4.972
81805.000			-34.801			-4.972
81904.000			-34.800			-4.971
82004.000			-34.797			-4.971
82105.000			-34.797			-4.971
82203.000			-34.797			-4.971
82304.000			-34.797			-4.971
82405.000			-34.797			-4.971
82504.000			-34.795			-4.971
82604.000			-34.795			-4.971
82705.000			-34.793			-4.970
82804.000			-34.793			-4.970
82903.000			-34.793			-4.970
83005.000			-34.792			-4.970
83104.000			-34.791			-4.970
83204.000			-34.790			-4.970
83305.000			-34.789			-4.970
83404.000			-34.788			-4.970
83504.000			-34.788			-4.970
83604.000			-34.788			-4.970
83704.000			-34.787			-4.970
83804.000			-34.786			-4.969
83905.000			-34.786			-4.969
84004.000			-34.784			-4.969
84104.000			-34.784			-4.969
84205.000			-34.784			-4.969
84303.000			-34.783			-4.969
84404.000			-34.782			-4.969
84505.000			-34.782			-4.969
84604.000			-34.781			-4.969
84705.000			-34.781			-4.969
84804.000			-34.781			-4.969
84904.000			-34.778			-4.968
85004.000			-34.778			-4.968
85104.000			-34.778			-4.968
85203.000			-34.776			-4.968
85305.000			-34.777			-4.968
85404.000			-34.777			-4.968
85504.000			-34.776			-4.968
85605.000			-34.774			-4.968
85704.000			-34.775			-4.968
85804.000			-34.774			-4.968
85904.000			-34.772			-4.967
86004.000			-34.771			-4.967
86104.000			-34.771			-4.967
86205.000			-34.770			-4.967
86304.000			-34.769			-4.967
86404.000			-34.769			-4.967
86505.000			-34.768			-4.967
86603.000			-34.767			-4.967
86704.000			-34.766			-4.967
86805.000			-34.766			-4.967
86904.000			-34.766			-4.967
87004.000			-34.762			-4.966
87105.000			-34.762			-4.966
87204.000			-34.762			-4.966
87303.000			-34.762			-4.966
87405.000			-34.761			-4.966
87504.000			-34.761			-4.966
87604.000			-34.761			-4.966
87705.000			-34.759			-4.966
87804.000			-34.758			-4.965
87905.000			-34.759			-4.966
88003.000			-34.758			-4.965
88104.000			-34.758			-4.965
88205.000			-34.758			-4.965
88304.000			-34.756			-4.965
88404.000			-34.756			-4.965
88505.000			-34.755			-4.965
88604.000			-34.754			-4.965
88704.000			-34.754			-4.965
88805.000			-34.753			-4.965
88903.000			-34.753			-4.965
89004.000			-34.752			-4.965
89105.000			-34.752			-4.965
89204.000			-34.750			-4.964
89304.000			-34.749			-4.964
89405.000			-34.750			-4.964
89504.000			-34.748			-4.964
89603.000			-34.747			-4.964
89705.000			-34.747			-4.964
89804.000			-34.747			-4.964
89904.000			-34.746			-4.964
90005.000			-34.745			-4.964
90104.000			-34.744			-4.963
90204.000			-34.744			-4.963
90304.000			-34.743			-4.963
90404.000			-34.742			-4.963
90504.000			-34.743			-4.963
90605.000			-34.741			-4.963
90704.000			-34.741			-4.963
90804.000			-34.740			-4.963
90905.000			-34.738			-4.963
91003.000			-34.738			-4.963
91105.000			-34.738			-4.963
91204.000			-34.738			-4.963
91304.000			-34.737			-4.962
91405.000			-34.736			-4.962
91504.000			-34.735			-4.962
91604.000			-34.734			-4.962
91704.000			-34.734			-4.962
91804.000			-34.734			-4.962
91904.000			-34.733			-4.962
92005.000			-34.732			-4.962
92104.000			-34.731			-4.962
92204.000			-34.730			-4.961
92305.000			-34.730			-4.961
92403.000			-34.730			-4.961
92504.000			-34.730			-4.961
92605.000			-34.729			-4.961
92704.000			-34.727			-4.961
92804.000			-34.726			-4.961
92905.000			-34.725			-4.961
93004.000			-34.726			-4.961
93103.000			-34.726			-4.961
93205.000			-34.724			-4.961
93304.000			-34.724			-4.961
93404.000			-34.724			-4.961
93505.000			-34.723			-4.960
93604.000			-34.723			-4.960
93704.000			-34.722			-4.960
93804.000			-34.720			-4.960
93904.000			-34.719			-4.960
94004.000			-34.720			-4.960
94105.000			-34.720			-4.960
94204.000			-34.719			-4.960
94305.000			-34.718			-4.960
94404.000			-34.717			-4.960
94503.000			-34.716			-4.959
94605.000			-34.716			-4.959
94704.000			-34.715			-4.959
94804.000			-34.715			-4.959
94905.000			-34.714			-4.959
95004.000			-34.713			-4.959
95104.000			-34.712			-4.959
95204.000			-34.712			-4.959
95304.000			-34.712			-4.959
95404.000			-34.712			-4.959
95505.000			-34.711			-4.959
95604.000			-34.710			-4.959
95704.000			-34.709			-4.958
95805.000			-34.709			-4.958
95903.000			-34.708			-4.958
96004.000			-34.708			-4.958
96105.000			-34.707			-4.958
96204.000			-34.707			-4.958
96304.000			-34.707			-4.958
96405.000			-34.706			-4.958
96504.000			-34.704			-4.958
96603.000			-34.705			-4.958
96705.000			-34.704			-4.958
96804.000			-34.703			-4.958
96904.000			-34.702			-4.957
97005.000			-34.702			-4.957
97104.000			-34.701			-4.957
97204.000			-34.700			-4.957
97304.000			-34.700			-4.957
97404.000			-34.699			-4.957
97505.000			-34.698			-4.957
97604.000			-34.699			-4.957
97704.000			-34.698			-4.957
97805.000			-34.698			-4.957
97904.000			-34.696			-4.957
98003.000			-34.696			-4.957
98105.000			-34.695			-4.956
98204.000			-34.695			-4.956
98304.000			-34.694			-4.956
98405.000			-34.693			-4.956
98504.000			-34.692			-4.956
98604.000			-34.692			-4.956
98704.000			-34.691			-4.956
98804.000			-34.690			-4.956
98903.000			-34.690			-4.956
99005.000			-34.690			-4.956
99104.000			-34.690			-4.956
99204.000			-34.689			-4.956
99305.000			-34.688			-4.955
99404.000			-34.688			-4.955
99504.000			-34.686			-4.955
99604.000			-34.685			-4.955
99704.000			-34.686			-4.955
99804.000			-34.686			-4.955
99905.000			-34.685			-4.955
100004.000			-34.684			-4.955
100104.000			-34.684			-4.955
100205.000			-34.683			-4.955
100304.000			-34.681			-4.954
100404.000			-34.681			-4.954
100504.000			-34.681			-4.954
100604.000			-34.680			-4.954
100705.000			-34.679			-4.954
100804.000			-34.679			-4.954
100904.000			-34.678			-4.954
101005.000			-34.678			-4.954
101104.000			-34.677			-4.954
101203.000			-34.678			-4.954
101305.000			-34.677			-4.954
101404.000			-34.676			-4.954
101504.000			-34.675			-4.954
101605.000			-34.674			-4.953
101704.000			-34.674			-4.953
101804.000			-34.674			-4.953
101904.000			-34.673			-4.953
102004.000			-34.672			-4.953
102104.000			-34.673			-4.953
102205.000			-34.671			-4.953
102304.000			-34.671			-4.953
102404.000			-34.671			-4.953
102505.000			-34.670			-4.953
102603.000			-34.668			-4.953
102704.000			-34.668			-4.953
102805.000			-34.667			-4.952
102904.000			-34.666			-4.952
103004.000			-34.666			-4.952
103105.000			-34.666			-4.952
103204.000			-34.665			-4.952
103303.000			-34.666			-4.952
103405.000			-34.665			-4.952
103504.000			-34.663			-4.952
103604.000			-34.663			-4.952
103705.000			-34.663			-4.952
103804.000			-34.662			-4.952
103905.000			-34.662			-4.952
104004.000			-34.662			-4.952
104104.000			-34.661			-4.952
104204.000			-34.659			-4.951
104304.000			-34.659			-4.951
104404.000			-34.659			-4.951
104505.000			-34.658			-4.951
104604.000			-34.659			-4.951
104704.000			-34.659			-4.951
104805.000			-34.657			-4.951
104903.000			-34.656			-4.951
105004.000			-34.657			-4.951
105105.000			-34.655			-4.951
105204.000			-34.654			-4.951
105304.000			-34.654			-4.951
105405.000			-34.654			-4.951
105504.000			-34.653			-4.950
105603.000			-34.652			-4.950
105705.000			-34.652			-4.950
105804.000			-34.652			-4.950
105904.000			-34.649			-4.950
106005.000			-34.648			-4.950
106104.000			-34.649			-4.950
106204.000			-34.650			-4.950
106304.000			-34.649			-4.950
106404.000			-34.648			-4.950
106503.000			-34.648			-4.950
106605.000			-34.647			-4.950
106704.000			-34.646			-4.949
106804.000			-34.645			-4.949
106905.000			-34.645			-4.949
107004.000			-34.645			-4.949
107105.000			-34.644			-4.949
107203.000			-34.644			-4.949
107304.000			-34.642			-4.949
107405.000			-34.642			-4.949
107504.000			-34.642			-4.949
107604.000			-34.641			-4.949
107705.000			-34.641			-4.949
107804.000			-34.641			-4.949
107903.000			-34.640			-4.949
108005.000			-34.639			-4.948
108104.000			-34.639			-4.948
108204.000			-34.637			-4.948
108305.000			-34.636			-4.948
108404.000			-34.636			-4.948
108504.000			-34.636			-4.948
108604.000			-34.635			-4.948
108704.000			-34.636			-4.948
108804.000			-34.634			-4.948
108905.000			-34.636			-4.948
109004.000			-34.635			-4.948
109104.000			-34.634			-4.948
109205.000			-34.633			-4.948
109303.000			-34.632			-4.947
109404.000			-34.632			-4.947
109505.000			-34.631			-4.947
109604.000			-34.630			-4.947
109704.000			-34.629			-4.947
109805.000			-34.629			-4.947
109904.000			-34.629			-4.947
110004.000			-34.628			-4.947
110105.000			-34.627			-4.947
110203.000			-34.627			-4.947
110305.000			-34.625			-4.946
110404.000			-34.625			-4.946
110504.000			-34.625			-4.946
110605.000			-34.625			-4.946
110704.000			-34.625			-4.946
110804.000			-34.624			-4.946
110904.000			-34.623			-4.946
111004.000			-34.623			-4.946
111104.000			-34.623			-4.946
111205.000			-34.622			-4.946
111304.000			-34.621			-4.946
111404.000			-34.621			-4.946
111505.000			-34.621			-4.946
111603.000			-34.620			-4.946
111704.000			-34.619			-4.946
111805.000			-34.619			-4.946
111904.000			-34.618			-4.945
112004.000			-34.619			-4.946
112105.000			-34.617			-4.945
112204.000			-34.617			-4.945
112303.000			-34.617			-4.945
112405.000			-34.616			-4.945
112504.000			-34.616			-4.945
112604.000			-34.615			-4.945
112705.000			-34.614			-4.945
112804.000			-34.614			-4.945
112904.000			-34.612			-4.945
113004.000			-34.612			-4.945
113104.000			-34.612			-4.945
113204.000			-34.611			-4.944
113305.000			-34.610			-4.944
113404.000			-34.610			-4.944
113505.000			-34.609			-4.944
113604.000			-34.609			-4.944
113703.000			-34.609			-4.944
113805.000			-34.608			-4.944
113904.000			-34.608			-4.944
114004.000			-34.607			-4.944
114105.000			-34.607			-4.944
114204.000			-34.607			-4.944
114304.000			-34.606			-4.944
114404.000			-34.605			-4.944
114504.000			-34.605			-4.944
114604.000			-34.602			-4.943
114705.000			-34.602			-4.943
114804.000			-34.602			-4.943
114904.000			-34.602			-4.943
115005.000			-34.602			-4.943
115103.000			-34.601			-4.943
115204.000			-34.600			-4.943
115305.000			-34.600			-4.943
115404.000			-34.600			-4.943
115504.000			-34.600			-4.943
115605.000			-34.600			-4.943
115704.000			-34.599			-4.943
115803.000			-34.598			-4.943
115905.000			-34.598			-4.943
116004.000			-34.597			-4.942
116104.000			-34.596			-4.942
116205.000			-34.596			-4.942
116304.000			-34.596			-4.942
116404.000			-34.596			-4.942
116504.000			-34.594			-4.942
116604.000			-34.594			-4.942
116705.000			-34.593			-4.942
116804.000			-34.593			-4.942
116904.000			-34.592			-4.942
117005.000			-34.592			-4.942
117104.000			-34.591			-4.942
117204.000			-34.590			-4.941
117305.000			-34.590			-4.941
117403.000			-34.591			-4.942
117504.000			-34.589			-4.941
117605.000			-34.588			-4.941
117704.000			-34.588			-4.941
117804.000			-34.588			-4.941
117905.000			-34.586			-4.941
118004.000			-34.586			-4.941
118103.000			-34.586			-4.941
118205.000			-34.585			-4.941
118304.000			-34.585			-4.941
118404.000			-34.584			-4.941
118505.000			-34.584			-4.941
118604.000			-34.583			-4.940
118704.000			-34.583			-4.940
118804.000			-34.583			-4.940
118904.000			-34.583			-4.940
119004.000			-34.583			-4.940
119105.000			-34.582			-4.940
119204.000			-34.580			-4.940
119304.000			-34.580			-4.940
119405.000			-34.579			-4.940
119504.000			-34.579			-4.940
119604.000			-34.578			-4.940
119704.000			-34.578			-4.940
119804.000			-34.578			-4.940
119905.000			-34.578			-4.940
120004.000			-34.577			-4.940
120104.000			-34.577			-4.940
120205.000			-34.577			-4.940
120304.000			-34.576			-4.939
120403.000			-34.574			-4.939
120505.000			-34.573			-4.939
120604.000			-34.574			-4.939
120704.000			-34.574			-4.939
120805.000			-34.573			-4.939
120904.000			-34.572			-4.939
121004.000			-34.572			-4.939
121104.000			-34.571			-4.939
121204.000			-34.571			-4.939
121304.000			-34.570			-4.939
121405.000			-34.569			-4.938
121504.000			-34.569			-4.938
121604.000			-34.568			-4.938
121705.000			-34.568			-4.938
121803.000			-34.568			-4.938
121904.000			-34.568			-4.938
122005.000			-34.567			-4.938
122104.000			-34.565			-4.938
122204.000			-34.565			-4.938
122305.000			-34.565			-4.938
122404.000			-34.565			-4.938
122504.000			-34.565			-4.938
122605.000			-34.565			-4.938
122703.000			-34.564			-4.938
122804.000			-34.563			-4.938
122905.000			-34.562			-4.937
123004.000			-34.563			-4.938
123105.000			-34.562			-4.937
123204.000			-34.562			-4.937
123304.000			-34.561			-4.937
123404.000			-34.560			-4.937
123504.000			-34.559			-4.937
123604.000			-34.559			-4.937
123705.000			-34.559			-4.937
123804.000			-34.557			-4.937
123904.000			-34.557			-4.937
124005.000			-34.557			-4.937
124103.000			-34.556			-4.937
124204.000			-34.556			-4.937
124305.000			-34.555			-4.936
124404.000			-34.555			-4.936
124504.000			-34.554			-4.936
124605.000			-34.554			-4.936
124704.000			-34.555			-4.936
124803.000			-34.554			-4.936
124905.000			-34.553			-4.936
125004.000			-34.553			-4.936
125104.000			-34.552			-4.936
125205.000			-34.551			-4.936
125304.000			-34.551			-4.936
125404.000			-34.552			-4.936
125504.000			-34.551			-4.936
125604.000			-34.550			-4.936
125703.000			-34.549			-4.936
125805.000			-34.549			-4.936
125904.000			-34.548			-4.935
126004.000			-34.549			-4.936
126105.000			-34.548			-4.935
126204.000			-34.547			-4.935
126305.000			-34.547			-4.935
126403.000			-34.546			-4.935
126504.000			-34.547			-4.935
126605.000			-34.546			-4.935
126704.000			-34.545			-4.935
126804.000			-34.544			-4.935
126905.000			-34.544			-4.935
127004.000			-34.543			-4.935
127103.000			-34.543			-4.935
127205.000			-34.542			-4.935
127304.000			-34.542			-4.935
127404.000			-34.542			-4.935
127505.000			-34.541			-4.934
127604.000			-34.541			-4.934
127704.000			-34.540			-4.934
127804.000			-34.540			-4.934
127904.000			-34.539			-4.934
128003.000			-34.540			-4.934
128105.000			-34.540			-4.934
128204.000			-34.539			-4.934
128304.000			-34.538			-4.934
128405.000			-34.537			-4.934
128504.000			-34.537			-4.934
128604.000			-34.537			-4.934
128704.000			-34.536			-4.934
128804.000			-34.535			-4.934
128904.000			-34.534			-4.933
129005.000			-34.534			-4.933
129104.000			-34.533			-4.933
129204.000			-34.533			-4.933
129305.000			-34.533			-4.933
129403.000			-34.532			-4.933
129505.000			-34.531			-4.933
129604.000			-34.530			-4.933
129704.000			-34.531			-4.933
129805.000			-34.530			-4.933
129904.000			-34.529			-4.933
130004.000			-34.528			-4.933
130105.000			-34.528			-4.933
130204.000			-34.528			-4.933
130303.000			-34.528			-4.933
130405.000			-34.528			-4.933
130504.000			-34.527			-4.932
130604.000			-34.527			-4.932
130705.000			-34.527			-4.932
130804.000			-34.526			-4.932
130904.000			-34.525			-4.932
131004.000			-34.525			-4.932
131104.000			-34.524			-4.932
131204.000			-34.524			-4.932
131305.000			-34.523			-4.932
131404.000			-34.523			-4.932
131504.000			-34.523			-4.932
131605.000			-34.522			-4.932
131703.000			-34.522			-4.932
131804.000			-34.522			-4.932
131905.000			-34.522			-4.932
132004.000			-34.519			-4.931
132104.000			-34.519			-4.931
132205.000			-34.520			-4.931
132304.000			-34.521			-4.932
132404.000			-34.520			-4.931
132505.000			-34.519			-4.931
132603.000			-34.518			-4.931
132705.000			-34.517			-4.931
132804.000			-34.516			-4.931
132904.000			-34.515			-4.931
133005.000			-34.516			-4.931
133104.000			-34.516			-4.931
133204.000			-34.516			-4.931
133304.000			-34.516			-4.931
133404.000			-34.515			-4.931
133503.000			-34.515			-4.931
133605.000			-34.514			-4.931
133704.000			-34.513			-4.930
133804.000			-34.513			-4.930
133905.000			-34.513			-4.930
134004.000			-34.512			-4.930
134104.000			-34.511			-4.930
134204.000			-34.510			-4.930
134304.000			-34.510			-4.930
134404.000			-34.509			-4.930
134505.000			-34.509			-4.930
134604.000			-34.509			-4.930
134704.000			-34.508			-4.930
134805.000			-34.508			-4.930
134904.000			-34.507			-4.930
135004.000			-34.508			-4.930
135104.000			-34.508			-4.930
135204.000			-34.507			-4.930
135304.000			-34.507			-4.930
135405.000			-34.506			-4.929
135504.000			-34.505			-4.929
135604.000			-34.504			-4.929
135705.000			-34.503			-4.929
135803.000			-34.504			-4.929
135905.000			-34.504			-4.929
136003.000			-34.503			-4.929
136104.000			-34.503			-4.929
136205.000			-34.502			-4.929
136304.000			-34.501			-4.929
136404.000			-34.501			-4.929
136505.000			-34.501			-4.929
136604.000			-34.500			-4.929
136703.000			-34.500			-4.929
136805.000			-34.500			-4.929
136904.000			-34.500			-4.929
137004.000			-34.499			-4.928
137105.000			-34.499			-4.928
137204.000			-34.499			-4.928
137304.000			-34.497			-4.928
137405.000			-34.496			-4.928
137504.000			-34.497			-4.928
137603.000			-34.496			-4.928
137705.000			-34.496			-4.928
137804.000			-34.495			-4.928
137904.000			-34.495			-4.928
138005.000			-34.494			-4.928
138104.000			-34.493			-4.928
138204.000			-34.494			-4.928
138305.000			-34.494			-4.928
138404.000			-34.493			-4.928
138503.000			-34.493			-4.928
138605.000			-34.492			-4.927
138704.000			-34.492			-4.927
138804.000			-34.492			-4.927
138905.000			-34.490			-4.927
139004.000			-34.490			-4.927
139105.000			-34.491			-4.927
139204.000			-34.490			-4.927
139304.000			-34.489			-4.927
139404.000			-34.488			-4.927
139504.000			-34.488			-4.927
139603.000			-34.487			-4.927
139705.000			-34.486			-4.927
139804.000			-34.487			-4.927
139904.000			-34.486			-4.927
140005.000			-34.486			-4.927
140104.000			-34.486			-4.927
140204.000			-34.485			-4.926
140304.000			-34.485			-4.926
140404.000			-34.486			-4.927
140503.000			-34.485			-4.926
140605.000			-34.483			-4.926
140704.000			-34.482			-4.926
140804.000			-34.482			-4.926
140905.000			-34.481			-4.926
141004.000			-34.481			-4.926
141104.000			-34.480			-4.926
141204.000			-34.480			-4.926
141304.000			-34.480			-4.926
141404.000			-34.479			-4.926
141505.000			-34.479			-4.926
141604.000			-34.478			-4.925
141704.000			-34.478			-4.925
141805.000			-34.477			-4.925
141904.000			-34.477			-4.925
142004.000			-34.477			-4.925
142104.000			-34.477			-4.925
142204.000			-34.477			-4.925
142305.000			-34.476			-4.925
142404.000			-34.475			-4.925
142504.000			-34.474			-4.925
142605.000			-34.474			-4.925
142704.000			-34.475			-4.925
142804.000			-34.474			-4.925
142905.000			-34.473			-4.925
143003.000			-34.473			-4.925
143104.000			-34.474			-4.925
143205.000			-34.473			-4.925
143304.000			-34.473			-4.925
143404.000			-34.473			-4.925
143505.000			-34.472			-4.925
143604.000			-34.471			-4.924
143704.000			-34.470			-4.924
143805.000			-34.470			-4.924
143903.000			-34.469			-4.924
144004.000			-34.469			-4.924
144105.000			-34.469			-4.924
144204.000			-34.468			-4.924
144304.000			-34.467			-4.924
144405.000			-34.466			-4.924
144504.000			-34.466			-4.924
144604.000			-34.466			-4.924
144705.000			-34.465			-4.924
144803.000			-34.465			-4.924
144904.000			-34.464			-4.923
145005.000			-34.464			-4.923
145104.000			-34.463			-4.923
145204.000			-34.463			-4.923
145305.000			-34.463			-4.923
145404.000			-34.463			-4.923
145505.000			-34.462			-4.923
145604.000			-34.463			-4.923
145703.000			-34.463			-4.923
145805.000			-34.461			-4.923
145904.000			-34.460			-4.923
146004.000			-34.460			-4.923
146105.000			-34.460			-4.923
146204.000			-34.460			-4.923
146304.000			-34.461			-4.923
146404.000			-34.460			-4.923
146504.000			-34.459			-4.923
146603.000			-34.458			-4.923
146705.000			-34.458			-4.923
146804.000			-34.457			-4.922
146904.000			-34.457			-4.922
147005.000			-34.457			-4.922
147104.000			-34.456			-4.922
147204.000			-34.455			-4.922
147304.000			-34.455			-4.922
147404.000			-34.455			-4.922
147503.000			-34.454			-4.922
147605.000			-34.454			-4.922
147704.000			-34.454			-4.922
147804.000			-34.454			-4.922
147905.000			-34.453			-4.922
148004.000			-34.453			-4.922
148104.000			-34.453			-4.922
148204.000			-34.451			-4.922
148304.000			-34.451			-4.922
148403.000			-34.451			-4.922
148505.000			-34.451			-4.922
148604.000			-34.451			-4.922
148705.000			-34.450			-4.921
148804.000			-34.450			-4.921
148904.000			-34.449			-4.921
149005.000			-34.448			-4.921
149104.000			-34.448			-4.921
149204.000			-34.448			-4.921
149304.000			-34.447			-4.921
149404.000			-34.447			-4.921
149504.000			-34.447			-4.921
149605.000			-34.447			-4.921
149704.000			-34.447			-4.921
149804.000			-34.446			-4.921
149905.000			-34.445			-4.921
150004.000			-34.445			-4.921
150104.000			-34.444			-4.921
150204.000			-34.445			-4.921
150304.000			-34.444			-4.921
150404.000			-34.443			-4.920
150505.000			-34.443			-4.920
150604.000			-34.443			-4.920
150704.000			-34.441			-4.920
150805.000			-34.441			-4.920
150903.000			-34.440			-4.920
151004.000			-34.441			-4.920
151105.000			-34.441			-4.920
151204.000			-34.441			-4.920
151304.000			-34.440			-4.920
151405.000			-34.440			-4.920
151504.000			-34.440			-4.920
151604.000			-34.439			-4.920
151705.000			-34.438			-4.920
151803.000			-34.437			-4.920
151905.000			-34.437			-4.920
152004.000			-34.437			-4.920
152104.000			-34.437			-4.920
152205.000			-34.437			-4.920
152304.000			-34.436			-4.919
152404.000			-34.434			-4.919
152505.000			-34.434			-4.919
152604.000			-34.434			-4.919
152703.000			-34.434			-4.919
152805.000			-34.434			-4.919
152904.000			-34.433			-4.919
153004.000			-34.431			-4.919
153105.000			-34.432			-4.919
153204.000			-34.432			-4.919
153304.000			-34.431			-4.919
153404.000			-34.430			-4.919
153504.000			-34.430			-4.919
153603.000			-34.430			-4.919
153705.000			-34.429			-4.918
153804.000			-34.430			-4.919
153904.000			-34.428			-4.918
154005.000			-34.428			-4.918
154104.000			-34.428			-4.918
154204.000			-34.428			-4.918
154304.000			-34.428			-4.918
154404.000			-34.427			-4.918
154503.000			-34.426			-4.918
154605.000			-34.426			-4.918
154704.000			-34.426			-4.918
154804.000			-34.425			-4.918
154905.000			-34.424			-4.918
155004.000			-34.423			-4.918
155105.000			-34.422			-4.917
155203.000			-34.424			-4.918
155304.000			-34.423			-4.918
155405.000			-34.423			-4.918
155504.000			-34.422			-4.917
155604.000			-34.422			-4.917
155705.000			-34.421			-4.917
155804.000			-34.420			-4.917
155904.000			-34.420			-4.917
156005.000			-34.420			-4.917
156103.000			-34.420			-4.917
156204.000			-34.420			-4.917
156305.000			-34.421			-4.917
156404.000			-34.420			-4.917
156504.000			-34.419			-4.917
156605.000			-34.418			-4.917
156704.000			-34.417			-4.917
156803.000			-34.417			-4.917
156905.000			-34.417			-4.917
157003.000			-34.416			-4.917
157104.000			-34.416			-4.917
157205.000			-34.416			-4.917
157304.000			-34.415			-4.916
157404.000			-34.415			-4.916
157505.000			-34.415			-4.916
157604.000			-34.414			-4.916
157703.000			-34.414			-4.916
157805.000			-34.415			-4.916
157903.000			-34.413			-4.916
158004.000			-34.412			-4.916
158105.000			-34.412			-4.916
158204.000			-34.412			-4.916
158305.000			-34.411			-4.916
158404.000			-34.412			-4.916
158504.000			-34.410			-4.916
158604.000			-34.410			-4.916
158704.000			-34.410			-4.916
158803.000			-34.408			-4.915
158905.000			-34.409			-4.916
159004.000			-34.409			-4.916
159104.000			-34.409			-4.916
159205.000			-34.407			-4.915
159304.000			-34.407			-4.915
159404.000			-34.407			-4.915
159504.000			-34.406			-4.915
159604.000			-34.407			-4.915
159703.000			-34.407			-4.915
159805.000			-34.405			-4.915
159904.000			-34.405			-4.915
160004.000			-34.405			-4.915
160105.000			-34.405			-4.915
160204.000			-34.405			-4.915
160304.000			-34.403			-4.915
160404.000			-34.403			-4.915
160504.000			-34.402			-4.915
160604.000			-34.402			-4.915
160705.000			-34.403			-4.915
160804.000			-34.402			-4.915
160904.000			-34.402			-4.915
161005.000			-34.400			-4.914
161104.000			-34.401			-4.914
161204.000			-34.401			-4.914
161304.000			-34.399			-4.914
161404.000			-34.399			-4.914
161505.000			-34.397			-4.914
161604.000			-34.394			-4.913
161704.000			-34.393			-4.913
161805.000			-34.392			-4.913
161904.000			-34.392			-4.913
162004.000			-34.392			-4.913
162105.000			-34.391			-4.913
162203.000			-34.391			-4.913
162304.000			-34.390			-4.913
162405.000			-34.391			-4.913
162504.000			-34.390			-4.913
162604.000			-34.389			-4.913
162705.000			-34.390			-4.913
162804.000			-34.390			-4.913
162904.000			-34.389			-4.913
163005.000			-34.388			-4.913
163103.000			-34.388			-4.913
163204.000			-34.387			-4.912
163305.000			-34.387			-4.912
163404.000			-34.387			-4.912
163504.000			-34.387			-4.912
163605.000			-34.387			-4.912
163704.000			-34.386			-4.912
163804.000			-34.385			-4.912
163905.000			-34.384			-4.912
164003.000			-34.384			-4.912
164104.000			-34.383			-4.912
164205.000			-34.383			-4.912
164304.000			-34.382			-4.912
164404.000			-34.381			-4.912
164505.000			-34.382			-4.912
164604.000			-34.382			-4.912
164705.000			-34.382			-4.912
164804.000			-34.382			-4.912
164903.000			-34.381			-4.912
165005.000			-34.380			-4.911
165104.000			-34.380			-4.911
165204.000			-34.380			-4.911
165305.000			-34.379			-4.911
165404.000			-34.379			-4.911
165504.000			-34.379			-4.911
165605.000			-34.379			-4.911
165704.000			-34.379			-4.911
165803.000			-34.378			-4.911
165905.000			-34.378			-4.911
166004.000			-34.377			-4.911
166104.000			-34.376			-4.911
166205.000			-34.375			-4.911
166304.000			-34.375			-4.911
166404.000			-34.376			-4.911
166505.000			-34.376			-4.911
166604.000			-34.376			-4.911
166703.000			-34.375			-4.911
166805.000			-34.375			-4.911
166904.000			-34.374			-4.911
167004.000			-34.373			-4.910
167105.000			-34.372			-4.910
167204.000			-34.372			-4.910
167304.000			-34.373			-4.910
167405.000			-34.372			-4.910
167504.000			-34.371			-4.910
167603.000			-34.371			-4.910
167705.000			-34.371			-4.910
167804.000			-34.370			-4.910
167905.000			-34.369			-4.910
168004.000			-34.369			-4.910
168104.000			-34.370			-4.910
168205.000			-34.370			-4.910
168304.000			-34.369			-4.910
168404.000			-34.368			-4.910
168504.000			-34.367			-4.910
168604.000			-34.367			-4.910
168703.000			-34.367			-4.910
168805.000			-34.367			-4.910
168904.000			-34.366			-4.909
169004.000			-34.366			-4.909
169105.000			-34.365			-4.909
169204.000			-34.365			-4.909
169304.000			-34.364			-4.909
169405.000			-34.365			-4.909
169504.000			-34.365			-4.909
169603.000			-34.364			-4.909
169705.000			-34.363			-4.909
169804.000			-34.364			-4.909
169904.000			-34.363			-4.909
170005.000			-34.362			-4.909
170104.000			-34.362			-4.909
170204.000			-34.362			-4.909
170305.000			-34.362			-4.909
170404.000			-34.361			-4.909
170503.000			-34.360			-4.909
170605.000			-34.360			-4.909
170704.000			-34.361			-4.909
170804.000			-34.360			-4.909
170905.000			-34.359			-4.908
171004.000			-34.360			-4.909
171105.000			-34.360			-4.909
171204.000			-34.358			-4.908
171304.000			-34.358			-4.908
171404.000			-34.357			-4.908
171504.000			-34.356			-4.908
171604.000			-34.357			-4.908
171705.000			-34.357			-4.908
171804.000			-34.356			-4.908
171904.000			-34.356			-4.908
172005.000			-34.356			-4.908
172104.000			-34.356			-4.908
172204.000			-34.355			-4.908
172304.000			-34.355			-4.908
172404.000			-34.355			-4.908
172504.000			-34.354			-4.908
172605.000			-34.354			-4.908
172704.000			-34.355			-4.908
172804.000			-34.353			-4.908
172905.000			-34.352			-4.907
173004.000			-34.352			-4.907
173104.000			-34.351			-4.907
173204.000			-34.350			-4.907
173304.000			-34.351			-4.907
173404.000			-34.351			-4.907
173505.000			-34.351			-4.907
173604.000			-34.350			-4.907
173704.000			-34.350			-4.907
173805.000			-34.349			-4.907
173904.000			-34.349			-4.907
174004.000			-34.350			-4.907
174104.000			-34.348			-4.907
174204.000			-34.347			-4.907
174305.000			-34.347			-4.907
174404.000			-34.348			-4.907
174504.000			-34.348			-4.907
174605.000			-34.346			-4.907
174704.000			-34.346			-4.907
174804.000			-34.346			-4.907
174905.000			-34.345			-4.906
175003.000			-34.345			-4.906
175104.000			-34.345			-4.906
175205.000			-34.345			-4.906
175304.000			-34.344			-4.906
175404.000			-34.344			-4.906
175505.000			-34.344			-4.906
175604.000			-34.344			-4.906
175704.000			-34.343			-4.906
175805.000			-34.343			-4.906
175903.000			-34.342			-4.906
176004.000			-34.342			-4.906
176105.000			-34.342			-4.906
176204.000			-34.340			-4.906
176304.000			-34.340			-4.906
176405.000			-34.340			-4.906
176504.000			-34.339			-4.906
176604.000			-34.339			-4.906
176705.000			-34.339			-4.906
176803.000			-34.340			-4.906
176904.000			-34.338			-4.905
177005.000			-34.338			-4.905
177104.000			-34.338			-4.905
177204.000			-34.337			-4.905
177305.000			-34.337			-4.905
177404.000			-34.337			-4.905
177505.000			-34.336			-4.905
177604.000			-34.336			-4.905
177703.000			-34.336			-4.905
177805.000			-34.336			-4.905
177904.000			-34.336			-4.905
178004.000			-34.335			-4.905
178105.000			-34.334			-4.905
178204.000			-34.334			-4.905
178304.000			-34.334			-4.905
178405.000			-34.333			-4.905
178504.000			-34.332			-4.905
178603.000			-34.332			-4.905
178705.000			-34.332			-4.905
178804.000			-34.332			-4.905
178904.000			-34.331			-4.904
179005.000			-34.331			-4.904
179104.000			-34.331			-4.904
179204.000			-34.331			-4.904
179305.000			-34.331			-4.904
179404.000			-34.331			-4.904
179503.000			-34.329			-4.904
179605.000			-34.329			-4.904
179704.000			-34.329			-4.904
179804.000			-34.329			-4.904
179905.000			-34.328			-4.904
180004.000			-34.329			-4.904
180104.000			-34.327			-4.904
180205.000			-34.326			-4.904
180304.000			-34.327			-4.904
180403.000			-34.327			-4.904
180505.000			-34.327			-4.904
180604.000			-34.326			-4.904
180705.000			-34.326			-4.904
180804.000			-34.326			-4.904
180904.000			-34.327			-4.904
181005.000			-34.326			-4.904
181104.000			-34.325			-4.904
181204.000			-34.324			-4.903
181304.000			-34.325			-4.904
181404.000			-34.324			-4.903
181504.000			-34.323			-4.903
181605.000			-34.323			-4.903
181704.000			-34.323			-4.903
181804.000			-34.322			-4.903
181905.000			-34.322			-4.903
182004.000			-34.321			-4.903
182104.000			-34.321			-4.903
182204.000			-34.320			-4.903
182304.000			-34.320			-4.903
182404.000			-34.321			-4.903
182505.000			-34.321			-4.903
182604.000			-34.321			-4.903
182704.000			-34.319			-4.903
182805.000			-34.319			-4.903
182903.000			-34.319			-4.903
183004.000			-34.318			-4.903
183104.000			-34.318			-4.903
183204.000			-34.318			-4.903
183304.000			-34.318			-4.903
183405.000			-34.318			-4.903
183504.000			-34.316			-4.902
183604.000			-34.316			-4.902
183705.000			-34.316			-4.902
183803.000			-34.317			-4.902
183905.000			-34.316			-4.902
184003.000			-34.314			-4.902
184104.000			-34.314			-4.902
184205.000			-34.314			-4.902
184304.000			-34.314			-4.902
184404.000			-34.314			-4.902
184505.000			-34.313			-4.902
184604.000			-34.312			-4.902
184703.000			-34.313			-4.902
184805.000			-34.312			-4.902
184904.000			-34.312			-4.902
185004.000			-34.312			-4.902
185105.000			-34.311			-4.902
185204.000			-34.310			-4.901
185304.000			-34.311			-4.902
185405.000			-34.312			-4.902
185504.000			-34.311			-4.902
185603.000			-34.310			-4.901
185705.000			-34.309			-4.901
185804.000			-34.308			-4.901
185904.000			-34.309			-4.901
186005.000			-34.307			-4.901
186104.000			-34.308			-4.901
186204.000			-34.309			-4.901
186305.000			-34.308			-4.901
186404.000			-34.307			-4.901
186503.000			-34.307			-4.901
186605.000			-34.307			-4.901
186704.000			-34.307			-4.901
186804.000			-34.307			-4.901
186905.000			-34.305			-4.901
187004.000			-34.305			-4.901
187105.000			-34.306			-4.901
187204.000			-34.306			-4.901
187304.000			-34.305			-4.901
187404.000			-34.304			-4.901
187504.000			-34.303			-4.900
187603.000			-34.302			-4.900
187705.000			-34.303			-4.900
187804.000			-34.302			-4.900
187904.000			-34.302			-4.900
188005.000			-34.303			-4.900
188104.000			-34.302			-4.900
188204.000			-34.301			-4.900
188304.000			-34.301			-4.900
188404.000			-34.300			-4.900
188504.000			-34.301			-4.900
188605.000			-34.300			-4.900
188704.000			-34.300			-4.900
188804.000			-34.300			-4.900
188905.000			-34.299			-4.900
189004.000			-34.297			-4.900
189104.000			-34.298			-4.900
189204.000			-34.298			-4.900
189304.000			-34.297			-4.900
189403.000			-34.296			-4.899
189505.000			-34.296			-4.899
189604.000			-34.296			-4.899
189704.000			-34.297			-4.900
189805.000			-34.296			-4.899
189904.000			-34.297			-4.900
190004.000			-34.296			-4.899
190105.000			-34.295			-4.899
190204.000			-34.295			-4.899
190303.000			-34.295			-4.899
190404.000			-34.295			-4.899
190504.000			-34.295			-4.899
190605.000			-34.293			-4.899
190704.000			-34.294			-4.899
190804.000			-34.293			-4.899
190905.000			-34.293			-4.899
191004.000			-34.292			-4.899
191104.000			-34.292			-4.899
191204.000			-34.292			-4.899
191304.000			-34.291			-4.899
191404.000			-34.290			-4.899
191505.000			-34.291			-4.899
191604.000			-34.291			-4.899
191704.000			-34.290			-4.899
191805.000			-34.290			-4.899
191904.000			-34.290			-4.899
192004.000			-34.290			-4.899
192104.000			-34.290			-4.899
192204.000			-34.288			-4.898
192304.000			-34.288			-4.898
192405.000			-34.288			-4.898
192504.000			-34.288			-4.898
192604.000			-34.288			-4.898
192705.000			-34.288			-4.898
192804.000			-34.288			-4.898
192904.000			-34.286			-4.898
193004.000			-34.287			-4.898
193104.000			-34.287			-4.898
193203.000			-34.286			-4.898
193305.000			-34.286			-4.898
193404.000			-34.285			-4.898
193505.000			-34.285			-4.898
193604.000			-34.284			-4.898
193704.000			-34.283			-4.898
193805.000			-34.283			-4.898
193903.000			-34.283			-4.898
194004.000			-34.282			-4.897
194104.000			-34.282			-4.897
194204.000			-34.282			-4.897
194304.000			-34.283			-4.898
194405.000			-34.282			-4.897
194504.000			-34.281			-4.897
194604.000			-34.280			-4.897
194705.000			-34.280			-4.897
194803.000			-34.281			-4.897
194904.000			-34.280			-4.897
195004.000			-34.279			-4.897
195104.000			-34.279			-4.897
195204.000			-34.280			-4.897
195305.000			-34.279			-4.897
195404.000			-34.278			-4.897
195504.000			-34.278			-4.897
195605.000			-34.278			-4.897
195704.000			-34.277			-4.897
195804.000			-34.277			-4.897
195904.000			-34.276			-4.897
196004.000			-34.277			-4.897
196104.000			-34.277			-4.897
196205.000			-34.276			-4.897
196304.000			-34.276			-4.897
196404.000			-34.276			-4.897
196505.000			-34.275			-4.896
196604.000			-34.275			-4.896
196705.000			-34.275			-4.896
196803.000			-34.274			-4.896
196904.000			-34.273			-4.896
197004.000			-34.273			-4.896
197104.000			-34.274			-4.896
197204.000			-34.273			-4.896
197305.000			-34.271			-4.896
197404.000			-34.272			-4.896
197504.000			-34.272			-4.896
197605.000			-34.272			-4.896
197703.000			-34.271			-4.896
197804.000			-34.271			-4.896
197904.000			-34.271			-4.896
198004.000			-34.270			-4.896
198104.000			-34.270			-4.896
198205.000			-34.271			-4.896
198304.000			-34.269			-4.896
198404.000			-34.268			-4.895
198505.000			-34.269			-4.896
198604.000			-34.269			-4.896
198704.000			-34.269			-4.896
198804.000			-34.269			-4.896
198904.000			-34.267			-4.895
199004.000			-34.267			-4.895
199105.000			-34.267			-4.895
199204.000			-34.267			-4.895
199304.000			-34.267			-4.895
199405.000			-34.265			-4.895
199504.000			-34.266			-4.895
199604.000			-34.265			-4.895
199704.000			-34.264			-4.895
199804.000			-34.264			-4.895
199903.000			-34.265			-4.895
200004.000			-34.265			-4.895
200104.000			-34.263			-4.895
200205.000			-34.263			-4.895
200304.000			-34.263			-4.895
200404.000			-34.263			-4.895
200505.000			-34.263			-4.895
200603.000			-34.263			-4.895
200704.000			-34.261			-4.894
200805.000			-34.261			-4.894
200904.000			-34.261			-4.894
201004.000			-34.260			-4.894
201105.000			-34.260			-4.894
201204.000			-34.260			-4.894
201304.000			-34.259			-4.894
201405.000			-34.259			-4.894
201503.000			-34.259			-4.894
201604.000			-34.260			-4.894
201705.000			-34.259			-4.894
201804.000			-34.259			-4.894
201904.000			-34.259			-4.894
202005.000			-34.258			-4.894
202104.000			-34.257			-4.894
202203.000			-34.258			-4.894
202305.000			-34.257			-4.894
202403.000			-34.256			-4.894
202504.000			-34.257			-4.894
202605.000			-34.257			-4.894
202704.000			-34.256			-4.894
202804.000			-34.255			-4.894
202905.000			-34.255			-4.894
203004.000			-34.255			-4.894
203103.000			-34.254			-4.893
203204.000			-34.254			-4.893
203304.000			-34.254			-4.893
203405.000			-34.253			-4.893
203504.000			-34.253			-4.893
203604.000			-34.253			-4.893
203705.000			-34.253			-4.893
203804.000			-34.253			-4.893
203904.000			-34.252			-4.893
204004.000			-34.251			-4.893
204104.000			-34.252			-4.893
204204.000			-34.252			-4.893
204305.000			-34.251			-4.893
204404.000			-34.251			-4.893
204504.000			-34.251			-4.893
204605.000			-34.251			-4.893
204703.000			-34.249			-4.893
204804.000			-34.249			-4.893
204905.000			-34.249			-4.893
205004.000			-34.249			-4.893
205104.000			-34.248			-4.893
205205.000			-34.247			-4.892
205304.000			-34.248			-4.893
205404.000			-34.248			-4.893
205505.000			-34.247			-4.892
205603.000			-34.246			-4.892
205704.000			-34.246			-4.892
205805.000			-34.247			-4.892
205904.000			-34.246			-4.892
206004.000			-34.246			-4.892
206105.000			-34.246			-4.892
206204.000			-34.246			-4.892
206305.000			-34.245			-4.892
206404.000			-34.244			-4.892
206503.000			-34.244			-4.892
206605.000			-34.244			-4.892
206704.000			-34.244			-4.892
206804.000			-34.244			-4.892
206905.000			-34.242			-4.892
207004.000			-34.244			-4.892
207104.000			-34.244			-4.892
207204.000			-34.242			-4.892
207304.000			-34.242			-4.892
207403.000			-34.242			-4.892
207505.000			-34.240			-4.891
207604.000			-34.241			-4.892
207704.000			-34.241			-4.892
207805.000			-34.240			-4.891
207904.000			-34.241			-4.892
208004.000			-34.241			-4.892
208104.000			-34.240			-4.891
208204.000			-34.239			-4.891
208304.000			-34.239			-4.891
208405.000			-34.239			-4.891
208504.000			-34.238			-4.891
208604.000			-34.238			-4.891
208705.000			-34.238			-4.891
208804.000			-34.238			-4.891
208904.000			-34.238			-4.891
209004.000			-34.237			-4.891
209104.000			-34.237			-4.891
209204.000			-34.236			-4.891
209305.000			-34.236			-4.891
209404.000			-34.236			-4.891
209505.000			-34.236			-4.891
209604.000			-34.236			-4.891
209704.000			-34.235			-4.891
209805.000			-34.236			-4.891
209903.000			-34.236			-4.891
210004.000			-34.235			-4.891
210105.000			-34.234			-4.891
210204.000			-34.234			-4.891
210304.000			-34.233			-4.890
210405.000			-34.234			-4.891
210504.000			-34.234			-4.891
210603.000			-34.233			-4.890
210705.000			-34.232			-4.890
210804.000			-34.232			-4.890
210904.000			-34.232			-4.890
211005.000			-34.231			-4.890
211104.000			-34.231			-4.890
211204.000			-34.231			-4.890
211305.000			-34.230			-4.890
211404.000			-34.230			-4.890
211503.000			-34.230			-4.890
211605.000			-34.229			-4.890
211704.000			-34.229			-4.890
211804.000			-34.229			-4.890
211905.000			-34.228			-4.890
212004.000			-34.228			-4.890
212104.000			-34.227			-4.890
212204.000			-34.227			-4.890
212304.000			-34.227			-4.890
212404.000			-34.227			-4.890
212505.000			-34.228			-4.890
212604.000			-34.227			-4.890
212705.000			-34.226			-4.889
212804.000			-34.225			-4.889
212904.000			-34.225			-4.889
213005.000			-34.224			-4.889
213103.000			-34.225			-4.889
213204.000			-34.224			-4.889
213305.000			-34.224			-4.889
213404.000			-34.223			-4.889
213504.000			-34.224			-4.889
213605.000			-34.224			-4.889
213704.000			-34.223			-4.889
213803.000			-34.223			-4.889
213905.000			-34.223			-4.889
214004.000			-34.222			-4.889
214104.000			-34.221			-4.889
214205.000			-34.221			-4.889
214304.000			-34.221			-4.889
214404.000			-34.222			-4.889
214505.000			-34.221			-4.889
214604.000			-34.221			-4.889
214703.000			-34.220			-4.889
214805.000			-34.220			-4.889
214904.000			-34.219			-4.888
215004.000			-34.219			-4.888
215105.000			-34.220			-4.889
215204.000			-34.220			-4.889
215304.000			-34.219			-4.888
215404.000			-34.218			-4.888
215504.000			-34.218			-4.888
215603.000			-34.218			-4.888
215705.000			-34.218			-4.888
215804.000			-34.216			-4.888
215905.000			-34.217			-4.888
216004.000			-34.217			-4.888
216104.000			-34.217			-4.888
216205.000			-34.215			-4.888
216303.000			-34.215			-4.888
216404.000			-34.214			-4.888
216505.000			-34.214			-4.888
216604.000			-34.215			-4.888
216704.000			-34.215			-4.888
216805.000			-34.214			-4.888
216904.000			-34.215			-4.888
217004.000			-34.215			-4.888
217105.000			-34.214			-4.888
217203.000			-34.213			-4.888
217304.000			-34.213			-4.888
217405.000			-34.214			-4.888
217504.000			-34.213			-4.888
217604.000			-34.212			-4.887
217705.000			-34.211			-4.887
217804.000			-34.212			-4.887
217903.000			-34.211			-4.887
218005.000			-34.211			-4.887
218104.000			-34.210			-4.887
218204.000			-34.211			-4.887
218305.000			-34.210			-4.887
218404.000			-34.211			-4.887
218504.000			-34.210			-4.887
218605.000			-34.209			-4.887
218704.000			-34.210			-4.887
218803.000			-34.209			-4.887
218905.000			-34.208			-4.887
219004.000			-34.208			-4.887
219105.000			-34.208			-4.887
219204.000			-34.208			-4.887
219304.000			-34.207			-4.887
219405.000			-34.207			-4.887
219504.000			-34.207			-4.887
219604.000			-34.207			-4.887
219704.000			-34.206			-4.887
219804.000			-34.206			-4.887
219904.000			-34.206			-4.887
220005.000			-34.205			-4.886
220104.000			-34.204			-4.886
220204.000			-34.204			-4.886
220305.000			-34.204			-4.886
220403.000			-34.204			-4.886
220504.000			-34.202			-4.886
220604.000			-34.202			-4.886
220704.000			-34.202			-4.886
220804.000			-34.202			-4.886
220905.000			-34.202			-4.886
221004.000			-34.202			-4.886
221104.000			-34.201			-4.886
221205.000			-34.203			-4.886
221303.000			-34.203			-4.886
221404.000			-34.202			-4.886
221505.000			-34.201			-4.886
221604.000			-34.201			-4.886
221704.000			-34.200			-4.886
221805.000			-34.200			-4.886
221904.000			-34.199			-4.886
222003.000			-34.199			-4.886
222105.000			-34.198			-4.885
222204.000			-34.199			-4.886
222305.000			-34.199			-4.886
222404.000			-34.199			-4.886
222504.000			-34.198			-4.885
222605.000			-34.198			-4.885
222704.000			-34.197			-4.885
222804.000			-34.197			-4.885
222904.000			-34.198			-4.885
223004.000			-34.198			-4.885
223104.000			-34.196			-4.885
223205.000			-34.195			-4.885
223304.000			-34.196			-4.885
223404.000			-34.195			-4.885
223505.000			-34.196			-4.885
223604.000			-34.194			-4.885
223704.000			-34.195			-4.885
223804.000			-34.195			-4.885
223904.000			-34.195			-4.885
224004.000			-34.195			-4.885
224105.000			-34.193			-4.885
224204.000			-34.193			-4.885
224304.000			-34.193			-4.885
224405.000			-34.193			-4.885
224504.000			-34.194			-4.885
224604.000			-34.193			-4.885
224704.000			-34.193			-4.885
224804.000			-34.194			-4.885
224904.000			-34.191			-4.884
225005.000			-34.191			-4.884
225104.000			-34.191			-4.884
225204.000			-34.191			-4.884
225305.000			-34.190			-4.884
225404.000			-34.190			-4.884
225505.000			-34.189			-4.884
225603.000			-34.189			-4.884
225704.000			-34.190			-4.884
225805.000			-34.190			-4.884
225904.000			-34.188			-4.884
226004.000			-34.188			-4.884
226105.000			-34.189			-4.884
226204.000			-34.188			-4.884
226304.000			-34.188			-4.884
226405.000			-34.188			-4.884
226503.000			-34.187			-4.884
226604.000			-34.186			-4.884
226705.000			-34.187			-4.884
226804.000			-34.186			-4.884
226904.000			-34.186			-4.884
227005.000			-34.185			-4.884
227104.000			-34.185			-4.884
227204.000			-34.185			-4.884
227305.000			-34.185			-4.884
227403.000			-34.185			-4.884
227504.000			-34.185			-4.884
227605.000			-34.185			-4.884
227704.000			-34.184			-4.883
227804.000			-34.183			-4.883
227905.000			-34.183			-4.883
228004.000			-34.183			-4.883
228104.000			-34.182			-4.883
228205.000			-34.182			-4.883
228303.000			-34.182			-4.883
228404.000			-34.182			-4.883
228505.000			-34.182			-4.883
228604.000			-34.181			-4.883
228705.000			-34.181			-4.883
228804.000			-34.181			-4.883
228904.000			-34.181			-4.883
229005.000			-34.180			-4.883
229104.000			-34.179			-4.883
229203.000			-34.180			-4.883
229305.000			-34.180			-4.883
229404.000			-34.179			-4.883
229504.000			-34.179			-4.883
229605.000			-34.179			-4.883
229704.000			-34.179			-4.883
229804.000			-34.178			-4.883
229905.000			-34.176			-4.882
230004.000			-34.176			-4.882
230103.000			-34.177			-4.882
230205.000			-34.178			-4.883
230304.000			-34.177			-4.882
230404.000			-34.177			-4.882
230505.000			-34.176			-4.882
230604.000			-34.176			-4.882
230704.000			-34.176			-4.882
230805.000			-34.176			-4.882
230904.000			-34.176			-4.882
231003.000			-34.175			-4.882
231105.000			-34.174			-4.882
231204.000			-34.173			-4.882
231304.000			-34.174			-4.882
231405.000			-34.173			-4.882
231504.000			-34.173			-4.882
231604.000			-34.173			-4.882
231704.000			-34.172			-4.882
231804.000			-34.173			-4.882
231903.000			-34.172			-4.882
232004.000			-34.172			-4.882
232104.000			-34.171			-4.882
232205.000			-34.170			-4.881
232304.000			-34.171			-4.882
232404.000			-34.171			-4.882
232505.000			-34.172			-4.882
232603.000			-34.170			-4.881
232704.000			-34.170			-4.881
232805.000			-34.170			-4.881
232904.000			-34.170			-4.881
233004.000			-34.169			-4.881
233105.000			-34.169			-4.881
233204.000			-34.170			-4.881
233304.000			-34.169			-4.881
233405.000			-34.169			-4.881
233503.000			-34.168			-4.881
233604.000			-34.167			-4.881
233705.000			-34.168			-4.881
233804.000			-34.167			-4.881
233904.000			-34.167			-4.881
234005.000			-34.166			-4.881
234104.000			-34.166			-4.881
234203.000			-34.167			-4.881
234305.000			-34.166			-4.881
234403.000			-34.165			-4.881
234504.000			-34.165			-4.881
234605.000			-34.164			-4.881
234704.000			-34.165			-4.881
234804.000			-34.165			-4.881
234905.000			-34.164			-4.881
235004.000			-34.164			-4.881
235103.000			-34.163			-4.880
235204.000			-34.163			-4.880
235303.000			-34.164			-4.881
235405.000			-34.163			-4.880
235504.000			-34.162			-4.880
235604.000			-34.162			-4.880
235705.000			-34.161			-4.880
235804.000			-34.161			-4.880
235904.000			-34.162			-4.880
236004.000			-34.161			-4.880
236104.000			-34.161			-4.880
236204.000			-34.161			-4.880
236305.000			-34.160			-4.880
236404.000			-34.160			-4.880
236504.000			-34.160			-4.880
236605.000			-34.160			-4.880
236704.000			-34.160			-4.880
236804.000			-34.160			-4.880
236904.000			-34.159			-4.880
237004.000			-34.160			-4.880
237104.000			-34.159			-4.880
237205.000			-34.158			-4.880
237304.000			-34.156			-4.879
237404.000			-34.157			-4.880
237505.000			-34.158			-4.880
237604.000			-34.157			-4.880
237704.000			-34.156			-4.879
237804.000			-34.156			-4.879
237904.000			-34.155			-4.879
238004.000			-34.157			-4.880
238105.000			-34.156			-4.879
238204.000			-34.155			-4.879
238305.000			-34.155			-4.879
238404.000			-34.155			-4.879
238504.000			-34.155			-4.879
238605.000			-34.155			-4.879
238703.000			-34.155			-4.879
238804.000			-34.154			-4.879
238905.000			-34.154			-4.879
239004.000			-34.154			-4.879
239104.000			-34.153			-4.879
239205.000			-34.153			-4.879
239304.000			-34.153			-4.879
239404.000			-34.152			-4.879
239505.000			-34.151			-4.879
239603.000			-34.151			-4.879
239704.000			-34.151			-4.879
239805.000			-34.151			-4.879
239904.000			-34.151			-4.879
240004.000			-34.151			-4.879
240105.000			-34.150			-4.879
240204.000			-34.151			-4.879
240304.000			-34.151			-4.879
240405.000			-34.150			-4.879
240503.000			-34.150			-4.879
240604.000			-34.150			-4.879
240705.000			-34.149			-4.878
240804.000			-34.148			-4.878
240904.000			-34.149			-4.878
241005.000			-34.149			-4.878
241104.000			-34.148			-4.878
241203.000			-34.148			-4.878
241305.000			-34.147			-4.878
241403.000			-34.148			-4.878
241505.000			-34.146			-4.878
241604.000			-34.146			-4.878
241704.000			-34.145			-4.878
241805.000			-34.147			-4.878
241904.000			-34.146			-4.878
242004.000			-34.146			-4.878
242104.000			-34.145			-4.878
242204.000			-34.144			-4.878
242303.000			-34.144			-4.878
242405.000			-34.145			-4.878
242504.000			-34.143			-4.878
242604.000			-34.143			-4.878
242705.000			-34.144			-4.878
242804.000			-34.144			-4.878
242904.000			-34.142			-4.877
243004.000			-34.142			-4.877
243104.000			-34.142			-4.877
243204.000			-34.142			-4.877
243305.000			-34.142			-4.877
243404.000			-34.142			-4.877
243504.000			-34.142			-4.877
243605.000			-34.141			-4.877
243704.000			-34.141			-4.877
243804.000			-34.141			-4.877
243904.000			-34.140			-4.877
244004.000			-34.141			-4.877
244104.000			-34.140			-4.877
244205.000			-34.140			-4.877
244304.000			-34.139			-4.877
244404.000			-34.138			-4.877
244505.000			-34.139			-4.877
244604.000			-34.138			-4.877
244705.000			-34.138			-4.877
244803.000			-34.138			-4.877
244904.000			-34.138			-4.877
245005.000			-34.138			-4.877
245104.000			-34.137			-4.877
245204.000			-34.136			-4.877
245305.000			-34.136			-4.877
245404.000			-34.137			-4.877
245504.000			-34.136			-4.877
245605.000			-34.136			-4.877
245703.000			-34.136			-4.877
245804.000			-34.135			-4.876
245905.000			-34.135			-4.876
246004.000			-34.133			-4.876
246104.000			-34.133			-4.876
246205.000			-34.133			-4.876
246304.000			-34.133			-4.876
246403.000			-34.133			-4.876
246505.000			-34.134			-4.876
246603.000			-34.134			-4.876
246704.000			-34.132			-4.876
246805.000			-34.133			-4.876
246904.000			-34.133			-4.876
247004.000			-34.132			-4.876
247105.000			-34.132			-4.876
247204.000			-34.131			-4.876
247303.000			-34.131			-4.876
247405.000			-34.131			-4.876
247503.000			-34.131			-4.876
247604.000			-34.131			-4.876
247705.000			-34.131			-4.876
247804.000			-34.131			-4.876
247905.000			-34.130			-4.876
248004.000			-34.130			-4.876
248104.000			-34.128			-4.875
248204.000			-34.129			-4.876
248304.000			-34.129			-4.876
248403.000			-34.129			-4.876
248505.000			-34.129			-4.876
248604.000			-34.128			-4.875
248704.000			-34.128			-4.875
248805.000			-34.127			-4.875
248904.000			-34.128			-4.875
249004.000			-34.127			-4.875
249104.000			-34.127			-4.875
249204.000			-34.127			-4.875
249303.000			-34.126			-4.875
249405.000			-34.126			-4.875
249504.000			-34.126			-4.875
249604.000			-34.125			-4.875
249705.000			-34.125			-4.875
249804.000			-34.125			-4.875
249904.000			-34.125			-4.875
250004.000			-34.124			-4.875
250104.000			-34.125			-4.875
250204.000			-34.124			-4.875
250305.000			-34.124			-4.875
250404.000			-34.124			-4.875
250504.000			-34.123			-4.875
250605.000			-34.122			-4.875
250704.000			-34.121			-4.874
250804.000			-34.122			-4.875
250904.000			-34.122			-4.875
251004.000			-34.122			-4.875
251105.000			-34.122			-4.875
251204.000			-34.122			-4.875
251304.000			-34.122			-4.875
251405.000			-34.121			-4.874
251504.000			-34.121			-4.874
251603.000			-34.120			-4.874
251705.000			-34.119			-4.874
251804.000			-34.119			-4.874
251904.000			-34.120			-4.874
252005.000			-34.121			-4.874
252104.000			-34.120			-4.874
252204.000			-34.120			-4.874
252305.000			-34.119			-4.874
252404.000			-34.118			-4.874
252503.000			-34.118			-4.874
252605.000			-34.118			-4.874
252704.000			-34.117			-4.874
252804.000			-34.117			-4.874
252905.000			-34.117			-4.874
253004.000			-34.117			-4.874
253104.000			-34.116			-4.874
253205.000			-34.116			-4.874
253304.000			-34.116			-4.874
253403.000			-34.116			-4.874
253505.000			-34.115			-4.874
253604.000			-34.115			-4.874
253704.000			-34.114			-4.873
253805.000			-34.114			-4.873
253904.000			-34.114			-4.873
254004.000			-34.115			-4.874
254104.000			-34.115			-4.874
254204.000			-34.115			-4.874
254303.000			-34.115			-4.874
254404.000			-34.113			-4.873
254504.000			-34.113			-4.873
254605.000			-34.112			-4.873
254704.000			-34.112			-4.873
254804.000			-34.112			-4.873
254905.000			-34.112			-4.873
255003.000			-34.114			-4.873
255104.000			-34.113			-4.873
255205.000			-34.111			-4.873
255304.000			-34.110			-4.873
255404.000			-34.110			-4.873
255505.000			-34.110			-4.873
255604.000			-34.111			-4.873
255704.000			-34.110			-4.873
255805.000			-34.110			-4.873
255903.000			-34.109			-4.873
256004.000			-34.109			-4.873
256105.000			-34.109			-4.873
256204.000			-34.107			-4.872
256304.000			-34.108			-4.873
256405.000			-34.109			-4.873
256504.000			-34.108			-4.873
256604.000			-34.108			-4.873
256705.000			-34.108			-4.873
256803.000			-34.108			-4.873
256904.000			-34.107			-4.872
257005.000			-34.107			-4.872
257104.000			-34.108			-4.873
257204.000			-34.108			-4.873
257305.000			-34.107			-4.872
257404.000			-34.106			-4.872
257505.000			-34.105			-4.872
257604.000			-34.104			-4.872
257703.000			-34.105			-4.872
257805.000			-34.105			-4.872
257904.000			-34.104			-4.872
258004.000			-34.104			-4.872
258105.000			-34.104			-4.872
258204.000			-34.103			-4.872
258304.000			-34.103			-4.872
258404.000			-34.103			-4.872
258504.000			-34.103			-4.872
258603.000			-34.102			-4.872
258705.000			-34.102			-4.872
258804.000			-34.102			-4.872
258904.000			-34.102			-4.872
259005.000			-34.102			-4.872
259104.000			-34.101			-4.872
259204.000			-34.101			-4.872
259304.000			-34.101			-4.872
259404.000			-34.102			-4.872
259504.000			-34.101			-4.872
259605.000			-34.100			-4.871
259704.000			-34.099			-4.871
259804.000			-34.100			-4.871
259905.000			-34.099			-4.871
260004.000			-34.099			-4.871
260104.000			-34.099			-4.871
260204.000			-34.099			-4.871
260304.000			-34.099			-4.871
260404.000			-34.099			-4.871
260505.000			-34.099			-4.871
260604.000			-34.099			-4.871
260705.000			-34.098			-4.871
260804.000			-34.098			-4.871
260904.000			-34.098			-4.871
261005.000			-34.097			-4.871
261103.000			-34.097			-4.871
261204.000			-34.097			-4.871
261305.000			-34.096			-4.871
261404.000			-34.096			-4.871
261504.000			-34.095			-4.871
261605.000			-34.095			-4.871
261704.000			-34.096			-4.871
261804.000			-34.096			-4.871
261905.000			-34.095			-4.871
262003.000			-34.094			-4.871
262104.000			-34.094			-4.871
262205.000			-34.093			-4.870
262304.000			-34.094			-4.871
262404.000			-34.095			-4.871
262505.000			-34.094			-4.871
262604.000			-34.093			-4.870
262704.000			-34.092			-4.870
262805.000			-34.091			-4.870
262903.000			-34.091			-4.870
263004.000			-34.092			-4.870
263105.000			-34.092			-4.870
263204.000			-34.093			-4.870
263304.000			-34.092			-4.870
263405.000			-34.091			-4.870
263504.000			-34.090			-4.870
263603.000			-34.090			-4.870
263705.000			-34.091			-4.870
263803.000			-34.091			-4.870
263905.000			-34.091			-4.870
264004.000			-34.090			-4.870
264104.000			-34.090			-4.870
264205.000			-34.090			-4.870
264304.000			-34.090			-4.870
264404.000			-34.089			-4.870
264504.000			-34.089			-4.870
264604.000			-34.089			-4.870
264703.000			-34.089			-4.870
264805.000			-34.088			-4.870
264904.000			-34.088			-4.870
265004.000			-34.088			-4.870
265105.000			-34.088			-4.870
265204.000			-34.088			-4.870
265304.000			-34.086			-4.869
265404.000			-34.087			-4.870
265504.000			-34.087			-4.870
265603.000			-34.086			-4.869
265705.000			-34.086			-4.869
265804.000			-34.085			-4.869
265904.000			-34.086			-4.869
266005.000			-34.086			-4.869
266104.000			-34.086			-4.869
266204.000			-34.084			-4.869
266304.000			-34.084			-4.869
266404.000			-34.085			-4.869
266503.000			-34.084			-4.869
266605.000			-34.084			-4.869
266704.000			-34.084			-4.869
266804.000			-34.084			-4.869
266905.000			-34.083			-4.869
267004.000			-34.082			-4.869
267105.000			-34.083			-4.869
267204.000			-34.083			-4.869
267304.000			-34.082			-4.869
267404.000			-34.082			-4.869
267504.000			-34.082			-4.869
267604.000			-34.081			-4.869
267705.000			-34.080			-4.869
267804.000			-34.080			-4.869
267904.000			-34.081			-4.869
268005.000			-34.080			-4.869
268103.000			-34.080			-4.869
268204.000			-34.081			-4.869
268304.000			-34.080			-4.869
268404.000			-34.078			-4.868
268504.000			-34.079			-4.868
268605.000			-34.080			-4.869
268704.000			-34.078			-4.868
268804.000			-34.078			-4.868
268905.000			-34.079			-4.868
269004.000			-34.078			-4.868
269104.000			-34.079			-4.868
269204.000			-34.078			-4.868
269304.000			-34.078			-4.868
269404.000			-34.077			-4.868
269505.000			-34.077			-4.868
269604.000			-34.077			-4.868
269704.000			-34.077			-4.868
269805.000			-34.077			-4.868
269904.000			-34.076			-4.868
270004.000			-34.076			-4.868
270104.000			-34.075			-4.868
270204.000			-34.075			-4.868
270305.000			-34.075			-4.868
270404.000			-34.075			-4.868
270504.000			-34.074			-4.868
270605.000			-34.075			-4.868
270704.000			-34.075			-4.868
270804.000			-34.074			-4.868
270905.000			-34.073			-4.868
271003.000			-34.073			-4.868
271104.000			-34.074			-4.868
271205.000			-34.074			-4.868
271304.000			-34.073			-4.868
271404.000			-34.073			-4.868
271505.000			-34.074			-4.868
271604.000			-34.074			-4.868
271703.000			-34.073			-4.868
271805.000			-34.073			-4.868
271904.000			-34.072			-4.867
272004.000			-34.071			-4.867
272105.000			-34.071			-4.867
272204.000			-34.070			-4.867
272304.000			-34.071			-4.867
272405.000			-34.072			-4.867
272504.000			-34.071			-4.867
272603.000			-34.070			-4.867
272705.000			-34.070			-4.867
272804.000			-34.069			-4.867
272904.000			-34.070			-4.867
273005.000			-34.070			-4.867
273104.000			-34.069			-4.867
273204.000			-34.068			-4.867
273305.000			-34.068			-4.867
273404.000			-34.067			-4.867
273503.000			-34.068			-4.867
273604.000			-34.067			-4.867
273704.000			-34.067			-4.867
273805.000			-34.067			-4.867
273904.000			-34.067			-4.867
274004.000			-34.067			-4.867
274105.000			-34.067			-4.867
274204.000			-34.067			-4.867
274304.000			-34.067			-4.867
274404.000			-34.066			-4.867
274504.000			-34.064			-4.866
274604.000			-34.065			-4.866
274705.000			-34.064			-4.866
274804.000			-34.063			-4.866
274904.000			-34.065			-4.866
275005.000			-34.066			-4.867
275104.000			-34.064			-4.866
275204.000			-34.064			-4.866
275304.000			-34.064			-4.866
275404.000			-34.063			-4.866
275504.000			-34.063			-4.866
275605.000			-34.063			-4.866
275704.000			-34.062			-4.866
275804.000			-34.063			-4.866
275905.000			-34.062			-4.866
276003.000			-34.063			-4.866
276104.000			-34.062			-4.866
276204.000			-34.061			-4.866
276304.000			-34.061			-4.866
276404.000			-34.061			-4.866
276505.000			-34.060			-4.866
276604.000			-34.060			-4.866
276705.000			-34.060			-4.866
276804.000			-34.061			-4.866
276903.000			-34.060			-4.866
277005.000			-34.059			-4.866
277104.000			-34.060			-4.866
277204.000			-34.059			-4.866
277305.000			-34.059			-4.866
277404.000			-34.059			-4.866
277504.000			-34.059			-4.866
277605.000			-34.059			-4.866
277704.000			-34.058			-4.865
277803.000			-34.057			-4.865
277905.000			-34.057			-4.865
278004.000			-34.056			-4.865
278104.000			-34.057			-4.865
278205.000			-34.057			-4.865
278304.000			-34.057			-4.865
278404.000			-34.056			-4.865
278505.000			-34.055			-4.865
278604.000			-34.056			-4.865
278703.000			-34.056			-4.865
278805.000			-34.055			-4.865
278904.000			-34.054			-4.865
279004.000			-34.054			-4.865
279105.000			-34.054			-4.865
279204.000			-34.054			-4.865
279304.000			-34.053			-4.865
279405.000			-34.054			-4.865
279504.000			-34.054			-4.865
279603.000			-34.053			-4.865
279705.000			-34.054			-4.865
279804.000			-34.054			-4.865
279905.000			-34.053			-4.865
280004.000			-34.054			-4.865
280104.000			-34.052			-4.865
280205.000			-34.051			-4.864
280304.000			-34.052			-4.865
280404.000			-34.052			-4.865
280504.000			-34.052			-4.865
280604.000			-34.052			-4.865
280704.000			-34.051			-4.864
280805.000			-34.051			-4.864
280904.000			-34.051			-4.864
281004.000			-34.051			-4.864
281105.000			-34.050			-4.864
281204.000			-34.050			-4.864
281304.000			-34.050			-4.864
281404.000			-34.050			-4.864
281504.000			-34.049			-4.864
281604.000			-34.049			-4.864
281705.000			-34.048			-4.864
281804.000			-34.048			-4.864
281904.000			-34.048			-4.864
282005.000			-34.048			-4.864
282103.000			-34.049			-4.864
282204.000			-34.049			-4.864
282304.000			-34.047			-4.864
282404.000			-34.046			-4.864
282504.000			-34.047			-4.864
282605.000			-34.047			-4.864
282704.000			-34.047			-4.864
282804.000			-34.046			-4.864
282905.000			-34.045			-4.864
283003.000			-34.045			-4.864
283105.000			-34.045			-4.864
283204.000			-34.045			-4.864
283304.000			-34.046			-4.864
283405.000			-34.045			-4.864
283504.000			-34.044			-4.863
283604.000			-34.044			-4.863
283705.000			-34.043			-4.863
283804.000			-34.045			-4.864
283903.000			-34.043			-4.863
284005.000			-34.043			-4.863
284104.000			-34.044			-4.863
284204.000			-34.043			-4.863
284305.000			-34.043			-4.863
284404.000			-34.042			-4.863
284504.000			-34.041			-4.863
284604.000			-34.042			-4.863
284704.000			-34.042			-4.863
284803.000			-34.042			-4.863
284905.000			-34.041			-4.863
285004.000			-34.041			-4.863
285104.000			-34.042			-4.863
285205.000			-34.041			-4.863
285304.000			-34.040			-4.863
285404.000			-34.040			-4.863
285504.000			-34.040			-4.863
285604.000			-34.041			-4.863
285704.000			-34.040			-4.863
285805.000			-34.039			-4.863
285904.000			-34.039			-4.863
286004.000			-34.039			-4.863
286105.000			-34.039			-4.863
286204.000			-34.039			-4.863
286305.000			-34.038			-4.863
286403.000			-34.038			-4.863
286504.000			-34.038			-4.863
286605.000			-34.037			-4.862
286704.000			-34.036			-4.862
286804.000			-34.036			-4.862
286905.000			-34.036			-4.862
287004.000			-34.037			-4.862
287104.000			-34.037			-4.862
287205.000			-34.036			-4.862
287303.000			-34.036			-4.862
287404.000			-34.036			-4.862
287505.000			-34.036			-4.862
287604.000			-34.036			-4.862
287704.000			-34.035			-4.862
287805.000			-34.035			-4.862
287904.000			-34.034			-4.862
288004.000			-34.034			-4.862
288105.000			-34.034			-4.862
288203.000			-34.034			-4.862
288304.000			-34.033			-4.862
288405.000			-34.034			-4.862
288504.000			-34.033			-4.862
288604.000			-34.033			-4.862
288705.000			-34.033			-4.862
288804.000			-34.032			-4.862
288904.000			-34.032			-4.862
289005.000			-34.033			-4.862
289103.000			-34.034			-4.862
289204.000			-34.032			-4.862
289305.000			-34.031			-4.862
289404.000			-34.031			-4.862
289505.000			-34.031			-4.862
289604.000			-34.030			-4.861
289704.000			-34.030			-4.861
289805.000			-34.029			-4.861
289904.000			-34.029			-4.861
290003.000			-34.030			-4.861
290105.000			-34.030			-4.861
290204.000			-34.030			-4.861
290304.000			-34.030			-4.861
290405.000			-34.029			-4.861
290504.000			-34.030			-4.861
290604.000			-34.028			-4.861
290705.000			-34.029			-4.861
290804.000			-34.030			-4.861
290903.000			-34.028			-4.861
291005.000			-34.027			-4.861
291104.000			-34.027			-4.861
291204.000			-34.027			-4.861
291305.000			-34.027			-4.861
291404.000			-34.026			-4.861
291504.000			-34.027			-4.861
291604.000			-34.027			-4.861
291704.000			-34.027			-4.861
291803.000			-34.027			-4.861
291905.000			-34.027			-4.861
292004.000			-34.026			-4.861
292104.000			-34.025			-4.861
292205.000			-34.025			-4.861
292304.000			-34.024			-4.861
292404.000			-34.025			-4.861
292504.000			-34.024			-4.861
292604.000			-34.024			-4.861
292703.000			-34.025			-4.861
292804.000			-34.024			-4.861
292904.000			-34.023			-4.860
293005.000			-34.023			-4.860
293104.000			-34.023			-4.860
293204.000			-34.024			-4.861
293305.000			-34.023			-4.860
293403.000			-34.022			-4.860
293504.000			-34.021			-4.860
293605.000			-34.021			-4.860
293704.000			-34.021			-4.860
293804.000			-34.021			-4.860
293905.000			-34.022			-4.860
294004.000			-34.021			-4.860
294104.000			-34.021			-4.860
294205.000			-34.021			-4.860
294303.000			-34.020			-4.860
294404.000			-34.021			-4.860
294505.000			-34.021			-4.860
294604.000			-34.020			-4.860
294704.000			-34.020			-4.860
294805.000			-34.020			-4.860
294904.000			-34.020			-4.860
295004.000			-34.019			-4.860
295105.000			-34.019			-4.860
295203.000			-34.018			-4.860
295304.000			-34.017			-4.860
295405.000			-34.018			-4.860
295504.000			-34.018			-4.860
295604.000			-34.018			-4.860
295705.000			-34.018			-4.860
295804.000			-34.018			-4.860
295905.000			-34.017			-4.860
296004.000			-34.018			-4.860
296103.000			-34.017			-4.860
296205.000			-34.017			-4.860
296304.000			-34.017			-4.860
296404.000			-34.017			-4.860
296505.000			-34.017			-4.860
296604.000			-34.016			-4.859
296704.000			-34.015			-4.859
296804.000			-34.015			-4.859
296904.000			-34.015			-4.859
297003.000			-34.015			-4.859
297105.000			-34.015			-4.859
297204.000			-34.016			-4.859
297304.000			-34.014			-4.859
297405.000			-34.015			-4.859
297504.000			-34.016			-4.859
297604.000			-34.014			-4.859
297704.000			-34.013			-4.859
297804.000			-34.014			-4.859
297903.000			-34.014			-4.859
298005.000			-34.013			-4.859
298104.000			-34.012			-4.859
298204.000			-34.012			-4.859
298305.000			-34.012			-4.859
298404.000			-34.013			-4.859
298504.000			-34.012			-4.859
298604.000			-34.011			-4.859
298704.000			-34.012			-4.859
298804.000			-34.012			-4.859
298905.000			-34.011			-4.859
299004.000			-34.011			-4.859
299105.000			-34.010			-4.859
299204.000			-34.010			-4.859
299304.000			-34.010			-4.859
299405.000			-34.009			-4.858
299503.000			-34.010			-4.859
299604.000			-34.011			-4.859
299705.000			-34.010			-4.859
299804.000			-34.009			-4.858
299904.000			-34.009			-4.858
